Count_SA,Count_MF,Count_CC,Count_CL,Log_ActBal_CA,Log_ActBal_SA,Log_ActBal_MF,Log_ActBal_CC,Log_ActBal_CL,Log_ActBal_OVD,Log_VolumeCred_CA,Log_TransactionsDebCash_Card,Log_TransactionsDebCashless_Card,Log_TransactionsDeb_PaymentOrder,Cred_Deb_Ratio,Trans_Cred_Deb_Ratio,ActBal_CA_SA_Ratio,Count_CA_Missing,VolumeDeb_Missing,ActBal_CA_Missing,ActBal_MF_Missing,ActBal_OVD_Missing,Sex_M,Age_Bin_25-45,Age_Bin_45-65,Age_Bin_65 & Above,Tenure_Bin_Medium-Low,Tenure_Bin_Medium-High,Tenure_Bin_High,Client,Sale_MF,Revenue_MF
0.0,0.0,0.0,0.0,7.196538887270493,0.0,0.0,0.0,0.0,0.0,7.185158363683988,1.3862943611198906,2.5649493574615367,2.302585092994046,0.887695865887058,0.5,0.0,0,0,0,1,0,0,0,1,0,0,0,0,1,1.0,26.97267857
1.0,0.0,0.0,0.0,4.716430406710753,9.497561615262512,0.0,0.0,0.0,0.0,6.559524177115077,1.0986122886681098,1.0986122886681098,0.6931471805599453,1.8324304095411368,0.6666666666666666,0.008312095835917506,0,0,0,1,1,1,1,0,0,0,0,1,2,0.0,0.0
0.0,1.0,0.0,0.0,6.181371104293014,0.0,4.684459862820444,0.0,0.0,0.0,7.382839506976117,0.0,0.6931471805599453,0.6931471805599453,12.987067822222222,1.3333333333333333,0.0,0,0,0,0,1,1,0,0,0,0,1,0,3,,
1.0,0.0,1.0,0.0,7.37828421647933,4.349466547401325,0.0,7.0133593723724985,0.0,0.0,7.5085621688978454,1.9459101490553132,2.5649493574615367,2.6390573296152584,0.5180122736097058,0.21951219512195122,20.93014801626247,0,0,0,1,1,1,0,0,0,0,0,1,4,,
1.0,0.0,0.0,0.0,8.585689606435734,8.997235726057648,0.0,0.0,0.0,0.0,7.994730234799065,1.6094379124341003,2.8903717578961645,2.6390573296152584,0.7451313286579838,0.5227272727272727,0.6625832044713944,0,0,0,1,1,0,0,1,0,0,0,1,5,,
0.0,0.0,0.0,1.0,1.6671675916153723,0.0,0.0,0.0,7.592401968018754,0.0,6.107978523849631,0.6931471805599453,0.0,0.0,1.1486313032367834,0.375,0.0,0,0,0,1,1,0,0,0,0,0,0,0,6,0.0,0.0
0.0,0.0,0.0,0.0,6.780700013759931,0.0,0.0,0.0,0.0,0.0,5.962305120572842,0.6931471805599453,1.9459101490553132,0.6931471805599453,3.912452267340429,0.2,0.0,0,0,0,1,1,0,0,1,0,0,0,1,7,,
0.0,0.0,0.0,0.0,0.0,0.0,0.0,0.0,0.0,5.792919962841,6.130375195496084,2.3978952727983707,0.6931471805599453,0.0,0.9914099093102711,0.5952380952380952,0.0,0,0,0,1,0,0,0,1,0,0,0,0,8,0.0,0.0
0.0,0.0,0.0,0.0,6.236695229154103,0.0,0.0,0.0,0.0,0.0,5.9422508556885445,0.6931471805599453,0.0,1.3862943611198906,1.2688925375007472,0.6,0.0,0,0,0,1,0,0,1,0,0,0,0,1,9,,
1.0,0.0,0.0,0.0,5.539139442220741,4.768217904102519,0.0,0.0,0.0,0.0,0.0,0.0,0.0,0.0,0.027599999835584,1.0,2.171711762948439,0,0,0,1,1,0,1,0,0,1,0,0,10,,
1.0,0.0,0.0,0.0,6.566535289598265,1.8856075417348594,0.0,0.0,0.0,0.0,6.110127354318523,1.3862943611198906,0.0,0.0,1.0943465098272827,0.6,126.98696735125569,0,0,0,1,1,1,1,0,0,0,0,0,11,,
0.0,0.0,0.0,0.0,6.981447093125554,0.0,0.0,0.0,0.0,0.0,6.148041617510198,0.6931471805599453,2.6390573296152584,1.6094379124341003,0.6060366216064441,0.15789473684210525,0.0,0,0,0,1,1,1,1,0,0,0,0,1,12,,
1.0,0.0,0.0,1.0,5.871665977282812,1.921690638820086,0.0,0.0,8.148820296465429,0.0,7.0000104725188335,1.9459101490553132,2.8903717578961645,2.3978952727983707,0.9742947941326329,0.14634146341463414,60.66689119588513,0,0,0,1,1,0,0,0,1,0,1,0,13,0.0,0.0
1.0,2.0,1.0,1.0,3.192311819574297,6.003045443163902,9.486905062210196,3.991428147315188,9.744686660797054,0.0,8.179847173239084,1.791759469228055,3.258096538021482,2.3978952727983707,1.8269615455905202,0.2826086956521739,0.057832542659132,0,0,0,0,1,0,1,0,0,1,0,0,14,0.0,0.0
0.0,0.0,0.0,0.0,0.9342709713947,0.0,0.0,0.0,0.0,0.0,3.8802743071135657,0.0,0.6931471805599453,0.0,2.2802575105730294,1.0,0.0,0,0,0,1,1,1,1,0,0,0,0,1,15,0.0,0.0
1.0,2.0,0.0,0.0,9.212031405372922,3.486107345924309,11.13089366466578,0.0,0.0,0.0,5.957791417617829,0.0,0.6931471805599453,2.3978952727983707,0.7324799183090333,0.2727272727272727,316.37323440655325,0,0,0,0,1,1,0,1,0,0,1,0,16,,
0.0,0.0,0.0,0.0,5.8282878383796985,0.0,0.0,0.0,0.0,0.0,7.178144673472869,1.791759469228055,2.0794415416798357,3.044522437723423,0.2618679375050662,0.12121212121212122,0.0,0,0,0,1,1,0,0,1,0,0,1,0,17,0.0,0.0
0.0,0.0,1.0,0.0,6.842644022449623,0.0,0.0,6.9248999653160235,0.0,0.0,7.7798462945009605,1.9459101490553132,3.1354942159291497,2.0794415416798357,1.3829300696552729,0.18181818181818182,0.0,0,0,0,1,1,1,0,0,0,0,0,0,18,,
1.0,0.0,0.0,0.0,10.170422071692242,11.179724173012065,0.0,0.0,0.0,0.0,6.701310804468868,0.0,0.0,1.6094379124341003,5.473274454335322,0.6,0.36446438779312385,0,0,0,1,1,0,0,1,0,1,0,0,19,,
1.0,0.0,0.0,0.0,7.6941524016953595,9.814823674554885,0.0,0.0,0.0,0.0,6.11489825427318,1.3862943611198906,0.6931471805599453,1.3862943611198906,2.0440790325218168,0.5714285714285714,0.11990299688901182,0,0,0,1,1,1,1,0,0,0,0,1,20,0.0,0.0
1.0,0.0,0.0,0.0,6.077051472548049,12.063937851843715,0.0,0.0,0.0,0.0,6.0168894697865385,1.6094379124341003,2.70805020110221,1.3862943611198906,0.8105365757928868,0.13636363636363635,0.0025057224411213063,0,0,0,1,1,0,0,0,0,1,0,0,21,0.0,0.0
0.0,0.0,0.0,0.0,7.8213009610521755,0.0,0.0,0.0,0.0,0.0,7.793343916557382,1.6094379124341003,2.5649493574615367,2.302585092994046,0.6755947114678665,0.2413793103448276,0.0,0,0,0,1,1,1,0,1,0,0,0,0,22,0.0,0.0
2.0,4.0,0.0,0.0,3.1766838448462065,10.139604103813166,6.768152431060784,0.0,0.0,5.8123400172728585,6.327980787939567,0.6931471805599453,3.295836866004329,1.9459101490553132,0.5911974386575236,0.12121212121212122,0.0009068803859172448,0,0,0,0,0,1,0,0,0,0,0,1,23,0.0,0.0
0.0,0.0,0.0,0.0,5.430709047322676,0.0,0.0,0.0,0.0,0.0,7.040617385184461,0.0,1.9459101490553132,2.772588722239781,1.264974126966928,0.13636363636363635,0.0,0,0,0,1,1,0,1,0,0,0,0,0,24,,
0.0,0.0,0.0,0.0,4.38677871849181,0.0,0.0,0.0,0.0,0.0,6.702783123268033,1.791759469228055,2.6390573296152584,0.0,2.501922887185766,0.21052631578947367,0.0,0,0,0,1,1,0,0,0,1,0,0,1,25,,
0.0,1.0,0.0,0.0,7.5332841532645105,0.0,11.019698828379145,0.0,0.0,0.0,6.177502404270533,1.6094379124341003,0.0,1.0986122886681098,1.0085436021578826,0.42857142857142855,0.0,0,0,0,0,0,0,1,0,0,0,0,0,26,0.0,0.0
0.0,0.0,0.0,0.0,7.409124329976373,0.0,0.0,0.0,0.0,0.0,9.223806086916895,0.0,0.0,0.0,24.68637814117647,2.0,0.0,0,0,0,1,0,1,0,1,0,0,0,1,27,1.0,220.4882143
0.0,0.0,0.0,0.0,2.747705801088759,0.0,0.0,0.0,0.0,0.0,6.832802334601449,0.0,0.6931471805599453,1.9459101490553132,0.946163213830481,0.2222222222222222,0.0,0,0,0,1,1,0,0,0,0,0,0,0,28,,
0.0,0.0,0.0,0.0,5.925202636988349,0.0,0.0,0.0,0.0,0.0,5.265906697953663,0.6931471805599453,0.0,0.6931471805599453,0.5178375090725784,0.625,0.0,0,0,0,1,0,0,0,1,0,0,1,0,29,0.0,0.0
1.0,2.0,1.0,0.0,5.096705950969656,0.2806035066637251,0.0,3.309943250725632,0.0,6.237894147436381,8.484837267332239,1.6094379124341003,3.295836866004329,2.302585092994046,1.5745406921716696,0.22727272727272727,501.5997801564716,0,0,0,0,0,1,0,1,0,0,0,0,30,,
0.0,0.0,1.0,1.0,7.756987287983122,0.0,0.0,6.420974555159134,6.522828871760331,0.0,6.963279183405738,0.6931471805599453,3.1354942159291497,2.6390573296152584,0.4348583217249856,0.13043478260869565,0.0,0,0,0,1,1,0,0,1,0,1,0,0,31,0.0,0.0
0.0,0.0,0.0,1.0,9.41705031378718,0.0,0.0,0.0,9.59625367856875,0.0,7.373115555155322,1.6094379124341003,0.0,1.0986122886681098,1.042823710188753,0.6111111111111112,0.0,0,0,0,1,0,1,1,0,0,0,0,0,32,,
0.0,0.0,0.0,0.0,9.83288134603813,0.0,0.0,0.0,0.0,0.0,6.595195838837145,1.0986122886681098,1.6094379124341003,1.9459101490553132,1.148982228458221,0.38461538461538464,0.0,0,0,0,1,1,1,0,0,1,0,1,0,33,0.0,0.0
1.0,3.0,1.0,0.0,5.244961796604986,7.203598158033358,0.0,6.592590908804265,0.0,0.0,9.805619316193232,1.9459101490553132,3.5263605246161616,2.4849066497880004,2.233197717390035,0.2037037037037037,0.14041118009944006,0,0,0,0,0,0,0,1,0,0,1,0,34,1.0,0.601071429
0.0,0.0,0.0,0.0,2.764002862129124,0.0,0.0,0.0,0.0,0.0,0.038877247444918106,1.9459101490553132,2.302585092994046,1.6094379124341003,5.677517012440054e-05,0.047619047619047616,0.0,0,0,0,1,0,1,0,0,1,0,0,0,35,0.0,0.0
1.0,2.0,0.0,0.0,4.127099822189739,7.556758547307743,8.215773860075362,0.0,0.0,0.0,8.874012025002358,0.0,0.0,0.0,0.0,0.0,0.03189209486924435,0,0,0,0,1,0,0,1,0,0,0,1,36,1.0,0.238035714
1.0,0.0,0.0,0.0,2.996410614928449,8.256133111769888,0.0,0.0,0.0,0.0,7.080937580553806,2.5649493574615367,2.833213344056216,1.0986122886681098,1.354695870460871,0.09375,0.004938367801444062,0,0,0,1,1,0,1,0,0,0,0,1,37,0.0,0.0
1.0,0.0,0.0,0.0,8.763914532067941,8.97586829630378,0.0,0.0,0.0,0.0,6.89655131977921,1.6094379124341003,2.5649493574615367,2.302585092994046,1.031512550907539,0.15384615384615385,0.8089779517384084,0,0,0,1,1,0,1,0,0,0,0,0,38,0.0,0.0
0.0,0.0,0.0,1.0,7.345518153389464,0.0,0.0,0.0,5.662000197684526,0.0,6.424134208938259,0.6931471805599453,3.367295829986474,0.6931471805599453,0.8859130575672963,0.11428571428571428,0.0,0,0,0,1,1,1,0,0,1,1,0,0,39,,
0.0,0.0,0.0,0.0,6.7716340048794,0.0,0.0,0.0,0.0,0.0,0.0010708554296057233,0.0,0.0,0.6931471805599453,5.9405964342319375e-05,1.0,0.0,0,0,0,1,1,1,1,0,0,0,0,0,40,0.0,0.0
0.0,0.0,0.0,0.0,5.2778886862515675,0.0,0.0,0.0,0.0,7.225730973677647,7.402225014069966,1.9459101490553132,2.0794415416798357,0.6931471805599453,1.7268522172908507,0.2222222222222222,0.0,0,0,0,1,0,1,0,0,0,0,0,1,41,,
0.0,12.0,0.0,0.0,6.7757900063227074,0.0,0.0,0.0,0.0,0.0,6.467990387138567,0.6931471805599453,0.6931471805599453,1.9459101490553132,1.17661439959571,0.4444444444444444,0.0,0,0,0,0,1,1,0,0,0,0,0,0,42,1.0,15.27571429
0.0,0.0,0.0,0.0,10.177961671223242,0.0,0.0,0.0,0.0,0.0,7.448678048018222,2.0794415416798357,2.3978952727983707,2.6390573296152584,0.9947384773356265,0.43137254901960786,0.0,0,0,0,1,0,0,0,1,0,1,0,0,43,1.0,73.04178571
0.0,0.0,0.0,0.0,5.235622858306478,0.0,0.0,0.0,0.0,0.0,0.17934092829760787,0.0,0.0,0.0,0.0005416584586025202,0.3333333333333333,0.0,0,0,0,1,1,0,1,0,0,1,0,0,44,0.0,0.0
1.0,0.0,0.0,0.0,0.0,10.5651155475382,0.0,0.0,0.0,0.0,0.008534902874766583,0.0,0.0,0.0,1.7430526313792398,2.0,0.0,0,0,0,1,1,1,0,1,0,1,0,0,45,0.0,0.0
1.0,1.0,0.0,0.0,6.224545699293344,8.19681947533062,7.545417308957219,0.0,0.0,0.0,7.812163839428147,1.791759469228055,2.302585092994046,2.833213344056216,0.5754390532862375,0.17142857142857143,0.1389028659797308,0,0,0,0,1,1,1,0,0,1,0,0,46,0.0,0.0
1.0,5.0,0.0,0.0,6.434911620668975,7.3382734459316294,0.0,0.0,0.0,0.0,0.0956348025632006,0.0,1.0986122886681098,2.995732273553991,0.014923588445623453,0.09090909090909091,0.40481816788610153,0,0,0,0,1,1,1,0,0,0,0,1,47,0.0,0.0
0.0,5.0,0.0,0.0,7.791240754580873,0.0,10.997468454370091,0.0,0.0,0.0,5.891575148667486,0.6931471805599453,0.0,1.9459101490553132,1.1699618010802195,0.25,0.0,0,0,0,0,0,1,0,1,0,1,0,0,48,0.0,0.0
0.0,0.0,0.0,0.0,1.638094782425942,0.0,0.0,0.0,0.0,0.0,6.032458241207021,0.0,0.0,1.0986122886681098,3.7214418164605423,3.0,0.0,0,0,0,1,1,0,0,1,0,0,0,0,49,0.0,0.0
0.0,0.0,0.0,0.0,5.139108080017168,0.0,0.0,0.0,0.0,0.0,0.0,0.0,0.0,0.0,0.0,0.0,0.0,0,1,0,1,1,0,1,0,0,0,1,0,50,0.0,0.0
1.0,0.0,0.0,0.0,7.527104439117591,1.9309518913413906,0.0,0.0,0.0,0.0,0.007472014838700995,0.0,0.0,0.0,0.0,0.0,314.9077471937798,0,0,0,1,0,0,0,0,1,1,0,0,51,,
0.0,0.0,1.0,0.0,6.8685699652022905,0.0,0.0,0.38136755633398195,0.0,0.0,0.0,0.6931471805599453,0.0,0.0,1.3605264954451082,0.5,0.0,0,0,0,1,1,0,1,0,0,1,0,0,52,0.0,0.0
1.0,9.0,1.0,0.0,0.0,8.92580885517444,11.330734273998281,5.9898328593793,0.0,6.276874397078897,8.391777835739276,2.1972245773362196,3.091042453358316,3.5553480614894135,0.8007671523954649,0.058823529411764705,0.0,0,0,0,0,0,1,0,1,0,0,1,0,53,0.0,0.0
0.0,0.0,0.0,1.0,1.713797927758343,0.0,0.0,0.0,8.969305579769902,0.0,6.582623495714249,0.0,0.0,0.6931471805599453,1.3030333045504219,0.5,0.0,0,0,0,1,1,1,1,0,0,0,1,0,54,,
0.0,0.0,0.0,0.0,6.601446031015967,0.0,0.0,0.0,0.0,0.0,7.02557926580001,0.0,0.0,1.9459101490553132,1.0179930135593984,0.38461538461538464,0.0,0,0,0,1,1,0,0,1,0,0,1,0,55,,
1.0,0.0,0.0,0.0,6.371123327412658,7.975253261098911,0.0,0.0,0.0,0.0,6.87306437647173,1.3862943611198906,2.0794415416798357,0.0,2.041580379532183,0.3,0.20078959547719327,0,0,0,1,1,1,0,1,0,0,1,0,56,0.0,0.0
0.0,0.0,0.0,0.0,7.052945937437884,0.0,0.0,0.0,0.0,0.0,4.907919426420214,0.6931471805599453,1.0986122886681098,0.6931471805599453,0.7312569733583693,3.3333333333333335,0.0,0,0,0,1,1,1,1,0,0,0,0,1,57,,
0.0,6.0,0.0,0.0,7.1420783910793215,0.0,7.492704589064096,0.0,0.0,0.0,0.0,0.0,0.0,0.0,0.0,0.0,0.0,0,1,0,0,1,0,1,0,0,1,0,0,58,0.0,0.0
0.0,0.0,0.0,0.0,8.644221610542862,0.0,0.0,0.0,0.0,0.0,6.110919993061883,0.0,0.0,0.0,5.263789500426811,1.0,0.0,0,0,0,1,1,0,1,0,0,0,1,0,59,,
0.0,0.0,0.0,0.0,8.266708265831396,0.0,0.0,0.0,0.0,0.0,5.8788675939796775,0.0,0.0,0.0,181.44218183730067,2.0,0.0,0,0,0,1,1,0,0,0,0,0,0,0,60,0.0,0.0
0.0,0.0,0.0,0.0,5.454617265576797,0.0,0.0,0.0,0.0,0.0,0.00035707923961937285,0.0,0.0,0.0,0.00040000015993599996,1.0,0.0,0,0,0,1,1,0,0,0,0,0,0,1,61,,
0.0,0.0,0.0,0.0,5.765042188876402,0.0,0.0,0.0,0.0,0.0,5.775896027348401,1.0986122886681098,0.0,0.6931471805599453,1.229190112045889,0.5,0.0,0,0,0,1,1,1,0,1,0,0,1,0,62,,
1.0,2.0,0.0,0.0,5.865905373444166,9.753911144922151,8.633588216587151,0.0,0.0,0.0,5.871217988437826,0.0,0.0,1.3862943611198906,1.72049411723049,1.0,0.020429278571248908,0,0,0,0,1,1,1,0,0,0,0,0,63,,
0.0,0.0,0.0,0.0,0.5651108662994825,0.0,0.0,0.0,0.0,0.0,7.152133205485513,1.3862943611198906,3.7612001156935624,1.6094379124341003,0.8801933791857359,0.09803921568627451,0.0,0,0,0,1,0,0,0,1,0,0,0,0,64,,
0.0,0.0,0.0,0.0,5.400237148364283,0.0,0.0,0.0,0.0,0.0,5.258426857851793,1.9459101490553132,2.302585092994046,1.0986122886681098,1.0056377981576619,0.21052631578947367,0.0,0,0,0,1,1,0,0,0,1,0,0,1,65,0.0,0.0
1.0,1.0,1.0,0.0,4.6281435517641585,8.32016780415968,0.0,6.511744268277151,0.0,0.0,0.017699577239751796,0.0,2.70805020110221,0.0,0.1779220389160246,0.391304347826087,0.024683960445941178,0,0,0,0,1,1,0,1,0,1,0,0,66,0.0,0.0
0.0,0.0,0.0,0.0,7.428816270598153,0.0,0.0,0.0,0.0,0.0,6.4505166860028975,0.0,0.6931471805599453,0.0,9.089275808171179,0.6666666666666666,0.0,0,0,0,1,1,0,0,0,0,0,0,0,67,0.0,0.0
0.0,0.0,0.0,0.0,8.458599251843262,0.0,0.0,0.0,0.0,0.0,6.726096787991458,2.6390573296152584,1.3862943611198906,0.6931471805599453,1.072429472685118,0.18181818181818182,0.0,0,0,0,1,0,1,0,1,0,0,0,0,68,0.0,0.0
0.0,0.0,0.0,0.0,7.555282514912203,0.0,0.0,0.0,0.0,0.0,8.256352779655224,1.0986122886681098,2.3978952727983707,2.302585092994046,3.8958338982082945,0.14285714285714285,0.0,0,0,0,1,1,1,1,0,0,0,0,0,69,1.0,42.71660714
0.0,0.0,0.0,0.0,5.850722526275296,0.0,0.0,0.0,0.0,0.0,7.488136416082465,1.6094379124341003,1.3862943611198906,2.3978952727983707,1.0311363112604102,0.15789473684210525,0.0,0,0,0,1,1,1,1,0,0,0,0,1,70,,
0.0,0.0,0.0,0.0,3.9999619283307,0.0,0.0,0.0,0.0,0.0,5.607383011164421,1.0986122886681098,0.0,1.3862943611198906,0.9002665243781094,0.3333333333333333,0.0,0,0,0,1,0,0,1,0,0,0,0,0,71,0.0,0.0
0.0,0.0,0.0,0.0,7.228660030077439,0.0,0.0,0.0,0.0,0.0,6.068018759435677,0.6931471805599453,0.0,2.3978952727983707,0.3416238565385717,0.3076923076923077,0.0,0,0,0,1,1,1,0,1,0,0,1,0,72,0.0,0.0
1.0,1.0,0.0,0.0,5.194939012331825,3.0917727062042455,10.888789822363014,0.0,0.0,0.0,6.28110118134626,0.0,0.0,1.0986122886681098,1.2183832298785118,1.5,8.534284987439253,0,0,0,0,0,1,0,0,1,0,0,1,73,0.0,0.0
1.0,0.0,1.0,0.0,6.603626797930064,0.0,0.0,2.9837681307720443,0.0,0.0,6.678131400631792,1.3862943611198906,0.0,1.0986122886681098,1.1763035039784,1.1428571428571428,0.0,0,0,0,1,1,1,0,1,0,0,0,0,74,,
1.0,35.0,0.0,0.0,8.218265648750931,8.628738591185767,8.387876577491433,0.0,0.0,0.0,6.2090979453735295,0.6931471805599453,1.9459101490553132,1.791759469228055,0.9851131600451212,0.38461538461538464,0.6632762194104603,0,0,0,0,1,1,0,1,0,1,0,0,75,1.0,0.004821429
0.0,0.0,1.0,1.0,5.189108184264905,0.0,0.0,6.788496243811703,8.145744963923116,0.0,6.492683459483374,1.0986122886681098,0.6931471805599453,0.0,0.49922770962791035,0.4375,0.0,0,0,0,1,0,0,0,0,1,0,0,1,76,0.0,0.0
0.0,0.0,0.0,0.0,5.130937904364437,0.0,0.0,0.0,0.0,0.0,7.469548083496405,0.6931471805599453,2.3978952727983707,1.6094379124341003,1.191590822623422,0.125,0.0,0,0,0,1,1,1,0,0,1,0,0,0,77,,
0.0,0.0,0.0,0.0,8.212230474586201,0.0,0.0,0.0,0.0,0.0,8.369612382546272,1.3862943611198906,3.871201010907891,2.3978952727983707,1.5849112714123763,0.078125,0.0,0,0,0,1,1,0,0,0,0,0,1,0,78,0.0,0.0
2.0,1.0,0.0,0.0,5.832454161348369,6.805228443103236,8.4706739716096,0.0,0.0,0.0,0.00035707923961937285,0.0,0.0,0.0,0.0,0.0,0.37734292892304305,0,0,0,0,1,0,1,0,0,1,0,0,79,0.0,0.0
0.0,0.0,0.0,0.0,7.9221982521750345,0.0,0.0,0.0,0.0,0.0,3.258110274080988,0.0,1.9459101490553132,0.0,1.3425584963055281,0.3333333333333333,0.0,0,0,0,1,1,1,0,0,0,1,0,0,80,0.0,0.0
0.0,0.0,0.0,0.0,8.676108055445411,0.0,0.0,0.0,0.0,0.0,0.07065815107223562,0.0,0.0,0.0,0.021578947451722993,1.0,0.0,0,0,0,1,1,1,0,0,1,0,0,0,81,0.0,0.0
0.0,1.0,0.0,0.0,9.334848111376665,0.0,10.452007446957676,0.0,0.0,0.0,6.910328037598642,0.6931471805599453,0.0,2.70805020110221,1.1304014667075593,0.25,0.0,0,0,0,0,1,0,0,0,0,0,1,0,82,0.0,0.0
3.0,7.0,0.0,0.0,2.7634849079903105,11.41643529278865,0.0,0.0,0.0,0.0,6.3451456388653185,0.0,0.0,1.3862943611198906,2.5314947634361795,1.0,0.00016359973218207328,0,0,0,0,1,0,1,0,0,0,1,0,83,0.0,0.0
0.0,0.0,0.0,0.0,0.0,0.0,0.0,0.0,0.0,0.0,0.0,0.0,0.0,0.0,0.0,0.0,0.0,0,1,0,1,1,1,0,0,1,0,0,1,84,,
0.0,0.0,0.0,0.0,5.90125943922116,0.0,0.0,0.0,0.0,0.0,5.285720501139702,1.0986122886681098,0.6931471805599453,1.0986122886681098,1.6340659343035344,0.5,0.0,0,0,0,1,0,0,0,0,0,1,0,0,85,0.0,0.0
0.0,0.0,0.0,0.0,3.5645100437708415,0.0,0.0,0.0,0.0,0.0,9.139939060138325,1.9459101490553132,0.0,1.791759469228055,8.576615401823329,0.26666666666666666,0.0,0,0,0,1,1,1,1,0,0,0,0,0,86,1.0,1.457321429
0.0,19.0,0.0,0.0,6.718337028641533,0.0,6.943679355541443,0.0,0.0,0.0,0.00035707923961937285,0.0,0.0,0.0,0.00010526319999556786,1.0,0.0,0,0,0,0,1,1,1,0,0,1,0,0,87,1.0,3.875178571
0.0,0.0,0.0,0.0,8.875517773952714,0.0,0.0,0.0,0.0,0.0,4.856490170142452,1.791759469228055,1.9459101490553132,0.0,1.1590693755803843,0.25,0.0,0,0,0,1,1,1,0,0,0,0,0,0,88,0.0,0.0
1.0,2.0,0.0,0.0,4.932323627195644,6.795896313060287,7.288289561312755,0.0,0.0,0.0,7.571023900973932,2.1972245773362196,1.0986122886681098,2.6390573296152584,0.7607931053504072,0.25,0.15417151667135193,0,0,0,0,1,0,1,0,0,0,1,0,89,,
0.0,0.0,0.0,0.0,6.477851097612289,0.0,0.0,0.0,0.0,0.0,4.6834564070186895,0.6931471805599453,0.6931471805599453,0.6931471805599453,1.3570407564779112,0.5,0.0,0,0,0,1,1,0,0,0,0,1,0,0,90,0.0,0.0
0.0,0.0,0.0,0.0,0.0,0.0,0.0,0.0,0.0,0.0,7.105606223225281,1.6094379124341003,3.1780538303479458,1.0986122886681098,1.018120091604536,0.06896551724137931,0.0,0,0,0,1,1,1,1,0,0,1,0,0,91,,
0.0,0.0,0.0,0.0,7.912037002999612,0.0,0.0,0.0,0.0,0.0,9.096284742477264,0.0,2.772588722239781,2.5649493574615367,0.972300658693678,0.16666666666666666,0.0,0,0,0,1,1,1,0,1,0,0,1,0,92,0.0,0.0
2.0,0.0,1.0,0.0,2.289536037491854,8.20434890338786,0.0,0.8873031951773733,0.0,3.180728820619154,7.221710073773585,0.6931471805599453,0.0,2.1972245773362196,1.0227256589184806,0.6944444444444444,0.0024263666541675154,0,0,0,1,0,0,1,0,0,0,0,0,93,0.0,0.0
1.0,0.0,0.0,0.0,8.997152411402299,8.938735836625565,0.0,0.0,0.0,0.0,6.269783953078683,0.6931471805599453,1.0986122886681098,1.3862943611198906,1.437382886547157,0.5714285714285714,1.0601644321921293,0,0,0,1,1,1,0,0,0,0,0,1,94,,
0.0,0.0,0.0,1.0,8.20609723603072,0.0,0.0,0.0,7.942030550120571,0.0,7.241505446991041,1.9459101490553132,0.0,1.0986122886681098,0.7901903374878123,0.6923076923076923,0.0,0,0,0,1,0,1,1,0,0,0,1,0,95,0.0,0.0
1.0,2.0,0.0,0.0,3.149678850982343,7.639455882799282,9.56708531376501,0.0,0.0,0.0,6.085179298984641,0.0,0.0,1.0986122886681098,3.9755080892004497,1.0,0.01074722616946134,0,0,0,0,1,1,1,0,0,0,1,0,96,0.0,0.0
1.0,0.0,0.0,1.0,4.233997803037285,8.713345329922353,0.0,0.0,6.697608157023074,4.963306561315565,7.848451195216298,2.302585092994046,2.772588722239781,2.3978952727983707,1.1529980991840187,0.37735849056603776,0.011178270333543771,0,0,0,1,0,0,0,0,1,0,1,0,97,,
0.0,0.0,0.0,0.0,6.151603638197918,0.0,0.0,0.0,0.0,0.0,5.040660931689788,0.0,0.6931471805599453,1.791759469228055,0.6491105719572386,0.7142857142857143,0.0,0,0,0,1,0,1,0,1,0,0,1,0,98,,
0.0,12.0,0.0,0.0,3.1738186843476526,0.0,8.45320286282034,0.0,0.0,0.0,7.500171686179964,0.0,2.8903717578961645,2.772588722239781,1.082742280003284,0.14705882352941177,0.0,0,0,0,0,1,0,0,0,1,0,1,0,99,,
0.0,0.0,1.0,1.0,0.0,0.0,0.0,5.515415538524011,6.689359368390148,0.0,6.86081452862223,0.6931471805599453,2.8903717578961645,2.1972245773362196,1.0890012510023535,0.3055555555555556,0.0,0,0,0,1,1,0,1,0,0,1,0,0,100,,
1.0,2.0,0.0,0.0,6.161965021277095,6.116514763612507,9.577068215864129,0.0,0.0,0.0,5.267090191055495,0.6931471805599453,0.0,0.6931471805599453,0.5772294033107579,0.8,1.0466017576215918,0,0,0,0,1,1,0,1,0,0,1,0,101,,
0.0,0.0,0.0,0.0,3.9074339202658313,0.0,0.0,0.0,0.0,4.7461487792476635,7.952256145717951,1.6094379124341003,3.6635616461296463,1.9459101490553132,0.9799327636477965,0.4418604651162791,0.0,0,0,0,1,0,1,0,0,0,0,0,1,102,1.0,2.958035714
0.0,0.0,0.0,0.0,3.7839785727827904,0.0,0.0,0.0,0.0,0.0,0.00071403101916737,0.0,0.0,0.0,0.0016086980861326366,1.0,0.0,0,0,0,1,1,0,0,0,1,0,0,1,103,0.0,0.0
1.0,1.0,0.0,0.0,6.219177642136562,10.633027120014415,0.0,0.0,0.0,0.0,6.270600157812939,0.0,0.6931471805599453,2.1972245773362196,0.9501445314080462,0.4,0.012084661958091126,0,0,0,0,1,1,0,0,0,1,0,0,104,,
0.0,0.0,0.0,0.0,6.509209746744378,0.0,0.0,0.0,0.0,0.0,6.954124829161307,1.3862943611198906,1.9459101490553132,0.0,1.5305313134059997,0.3076923076923077,0.0,0,0,0,1,1,1,0,1,0,0,1,0,105,,
0.0,3.0,0.0,0.0,4.730480376953538,0.0,0.0,0.0,0.0,0.0,6.615020462893705,0.0,0.0,1.9459101490553132,2.3295924978001015,0.2857142857142857,0.0,0,0,0,0,1,0,0,1,0,1,0,0,106,0.0,0.0
0.0,0.0,0.0,0.0,3.1917395147697425,0.0,0.0,0.0,0.0,0.0,0.013127738927544073,0.0,0.0,0.0,0.0,0.0,0.0,0,0,0,1,1,0,1,0,0,0,0,1,107,0.0,0.0
2.0,0.0,0.0,0.0,6.706665408411708,0.0,0.0,0.0,0.0,0.0,7.066745149018416,0.0,1.0986122886681098,2.0794415416798357,2.525199477980666,0.8,0.0,0,0,0,1,0,0,1,0,0,1,0,0,108,0.0,0.0
0.0,0.0,0.0,0.0,7.016177815764709,0.0,0.0,0.0,0.0,0.0,7.4513878914883,2.4849066497880004,3.4965075614664802,2.3978952727983707,0.8693772618622205,0.08333333333333333,0.0,0,0,0,1,1,1,0,1,0,0,1,0,109,,
1.0,1.0,0.0,0.0,4.150572980212899,7.045337206851472,0.0,0.0,0.0,0.0,9.808931533081385,0.0,0.0,2.0794415416798357,1.8066126297033207,1.0,0.054488086067105874,0,0,0,0,1,1,0,1,0,1,0,0,110,,
0.0,0.0,0.0,0.0,0.0,0.0,0.0,0.0,0.0,3.4830077568597213,7.1935752615701825,1.0986122886681098,1.9459101490553132,1.9459101490553132,0.7036734532151893,0.26666666666666666,0.0,0,0,0,1,0,0,1,0,0,1,0,0,111,,
0.0,0.0,0.0,0.0,5.325258320942178,0.0,0.0,0.0,0.0,0.0,5.064417512441266,2.1972245773362196,2.6390573296152584,0.0,0.7066705818281783,0.19047619047619047,0.0,0,0,0,1,1,0,0,0,1,0,0,0,112,0.0,0.0
0.0,0.0,0.0,1.0,3.947017768936627,0.0,0.0,0.0,9.758547883137313,0.0,5.261692281834781,1.0986122886681098,1.0986122886681098,0.0,1.040862017885753,0.5833333333333334,0.0,0,0,0,1,0,0,1,0,0,0,1,0,113,0.0,0.0
0.0,0.0,1.0,0.0,3.603165935723175,0.0,0.0,6.974675003116724,0.0,0.0,6.540986708209572,2.0794415416798357,1.9459101490553132,1.0986122886681098,1.3829276999062645,0.4117647058823529,0.0,0,0,0,1,1,0,1,0,0,0,0,0,114,0.0,0.0
0.0,0.0,0.0,0.0,6.032841244791987,0.0,0.0,0.0,0.0,0.0,8.92213444807152,1.0986122886681098,0.6931471805599453,0.0,1.8260829767616398,0.6666666666666666,0.0,0,0,0,1,1,0,0,1,0,0,1,0,115,,
0.0,0.0,0.0,0.0,6.459647323200081,0.0,0.0,0.0,0.0,0.0,4.522665521659821,0.0,0.6931471805599453,0.0,0.7175745640669836,1.0,0.0,0,0,0,1,1,0,0,1,0,0,0,1,116,0.0,0.0
0.0,0.0,0.0,0.0,0.0,0.0,0.0,0.0,0.0,0.0,6.99979746196977,0.0,2.995732273553991,2.4849066497880004,0.8888502170915193,0.25806451612903225,0.0,0,0,0,1,0,0,1,0,0,0,0,1,117,,
1.0,2.0,0.0,0.0,7.078289482079204,8.678849591972849,10.0525662075073,0.0,0.0,0.0,8.03143792547127,0.6931471805599453,3.295836866004329,2.0794415416798357,1.9145249641751336,0.11764705882352941,0.20164762840530728,0,0,0,0,1,0,1,0,0,1,0,0,118,0.0,0.0
1.0,3.0,0.0,0.0,5.2779050893130925,8.181472372330143,9.022671041295297,0.0,0.0,0.0,5.389568997026245,0.0,1.3862943611198906,1.0986122886681098,2.433744790238262,0.5,0.054562762757172464,0,0,0,0,1,0,0,0,0,0,0,1,119,,
2.0,0.0,0.0,0.0,5.061439302136095,1.7135404944450507,0.0,0.0,0.0,0.0,6.929524458601025,0.6931471805599453,2.302585092994046,2.1972245773362196,1.457514504897701,0.15789473684210525,34.47620916760589,0,0,0,1,1,1,1,0,0,0,0,0,120,0.0,0.0
1.0,1.0,1.0,0.0,3.658972376909207,6.2960261237281,5.80093295128721,1.2110902720522467,0.0,4.5965401974282845,7.8254317646558285,0.6931471805599453,3.295836866004329,2.8903717578961645,1.1444673821259574,0.2,0.06985700092985483,0,0,0,0,0,0,0,0,0,0,0,0,121,,
0.0,0.0,0.0,0.0,7.23976527890272,0.0,0.0,0.0,0.0,0.0,6.754729799163185,0.0,0.0,1.6094379124341003,0.9938301333321022,0.6,0.0,0,0,0,1,1,1,1,0,0,1,0,0,122,1.0,3.293035714
0.0,0.0,0.0,0.0,9.0921161630922,0.0,0.0,0.0,0.0,0.0,3.446227651676879,0.0,0.6931471805599453,0.0,0.8464577113907629,1.0,0.0,0,0,0,1,1,0,0,0,0,0,0,0,123,0.0,0.0
0.0,0.0,0.0,0.0,4.799873109670451,0.0,0.0,0.0,0.0,0.0,6.459307920618102,0.0,0.0,1.791759469228055,1.3956255104906643,0.625,0.0,0,0,0,1,0,1,0,0,1,1,0,0,124,,
0.0,0.0,1.0,0.0,0.0,0.0,0.0,4.692454740078126,0.0,0.0,6.7954704487168405,0.6931471805599453,2.1972245773362196,2.6390573296152584,0.8473468187400686,0.4642857142857143,0.0,0,0,0,1,0,1,1,0,0,0,0,1,125,,
0.0,0.0,0.0,0.0,4.2738795019471,0.0,0.0,0.0,0.0,0.0,6.649837720427341,0.0,0.0,3.1354942159291497,0.7723761349889933,0.34782608695652173,0.0,0,0,0,1,0,0,1,0,0,0,0,1,126,,
0.0,0.0,0.0,0.0,7.9704339033211875,0.0,0.0,0.0,0.0,6.518782703936101,3.5010427166318716,0.0,0.0,1.6094379124341003,0.6165753424995384,0.75,0.0,0,0,0,1,0,0,0,0,0,0,1,0,127,1.0,19.35464286
0.0,0.0,0.0,0.0,3.4748460645968247,0.0,0.0,0.0,0.0,0.0,6.45273821668369,0.0,0.6931471805599453,2.4849066497880004,1.0335322363052182,0.23076923076923078,0.0,0,0,0,1,0,1,0,0,1,0,0,0,128,,
0.0,0.0,0.0,0.0,7.00729158068563,0.0,0.0,0.0,0.0,0.0,6.968882631819917,1.0986122886681098,0.0,2.0794415416798357,1.0395721029135365,0.5555555555555556,0.0,0,0,0,1,1,1,1,0,0,0,1,0,129,1.0,28.29553571
0.0,0.0,0.0,0.0,2.6210647975934482,0.0,0.0,0.0,0.0,6.525792353867038,7.200832592659953,1.9459101490553132,2.4849066497880004,1.3862943611198906,0.981662854717186,0.5333333333333333,0.0,0,0,0,1,0,0,0,1,0,0,1,0,130,1.0,0.067142857
0.0,0.0,0.0,0.0,6.8018223773204705,0.0,0.0,0.0,0.0,0.0,3.1869427775882007,0.0,0.0,1.0986122886681098,0.9544787076625244,0.3333333333333333,0.0,0,0,0,1,1,1,0,1,0,1,0,0,131,1.0,3.138928571
1.0,0.0,0.0,0.0,4.387245137446638,7.138990008252708,0.0,0.0,0.0,0.0,0.0,0.0,0.0,0.0,0.0,0.0,0.0630729111427902,0,0,0,1,1,1,0,1,0,1,0,0,132,1.0,1.473214286
0.0,0.0,0.0,0.0,4.953482762591947,0.0,0.0,0.0,0.0,0.0,0.018751654629594824,0.0,0.0,0.0,0.013249999696025002,1.0,0.0,0,0,0,1,1,1,0,1,0,0,0,0,133,,
0.0,0.0,0.0,1.0,7.941010171592773,0.0,0.0,0.0,8.887129957342289,0.0,6.074033182783804,1.0986122886681098,0.0,0.0,1.3092694789203667,0.5,0.0,0,0,0,1,1,1,1,0,0,0,1,0,134,0.0,0.0
0.0,0.0,0.0,0.0,5.22092901968982,0.0,0.0,0.0,0.0,0.0,0.0017841215082964072,1.6094379124341003,1.6094379124341003,0.0,1.0532811185802374e-05,0.1,0.0,0,0,0,1,1,1,0,0,0,1,0,0,135,,
0.0,0.0,0.0,0.0,6.338560634887778,0.0,0.0,0.0,0.0,0.0,5.9916466732720055,0.0,0.0,1.3862943611198906,4.129356984157557,0.5,0.0,0,0,0,1,1,1,1,0,0,1,0,0,136,0.0,0.0
0.0,1.0,0.0,0.0,5.229621645014808,0.0,0.0,0.0,0.0,0.0,6.105045113859833,0.6931471805599453,1.9459101490553132,1.3862943611198906,0.8871626322467792,0.18181818181818182,0.0,0,0,0,0,1,0,0,1,0,0,0,1,137,0.0,0.0
0.0,0.0,0.0,0.0,4.750061806430424,0.0,0.0,0.0,0.0,0.0,5.210354238241321,0.0,0.0,0.6931471805599453,1.4736925741206497,1.0,0.0,0,0,0,1,1,1,0,1,0,1,0,0,138,,
0.0,0.0,1.0,0.0,7.411534060373803,0.0,0.0,6.847553246418535,0.0,0.0,5.9912198744280625,1.0986122886681098,1.3862943611198906,0.6931471805599453,0.870612433042761,0.7222222222222222,0.0,0,0,0,1,0,0,0,0,1,1,0,0,139,0.0,0.0
0.0,0.0,0.0,0.0,8.90093358910538,0.0,0.0,0.0,0.0,0.0,8.113840600371805,0.0,0.0,1.3862943611198906,1.1308800426816739,1.5714285714285714,0.0,0,0,0,1,0,1,0,0,0,0,1,0,140,,
1.0,4.0,0.0,0.0,3.62705154155536,8.358351023749726,0.0,0.0,0.0,0.0,6.306365220312649,1.6094379124341003,1.6094379124341003,0.6931471805599453,0.4452084817114306,0.23076923076923078,0.00858259008290237,0,0,0,0,1,0,0,0,0,0,0,0,141,,
0.0,0.0,0.0,0.0,7.321640788462005,0.0,0.0,0.0,0.0,0.0,6.572682063294604,0.0,0.0,0.6931471805599453,0.9810173149174857,0.5,0.0,0,0,0,1,1,0,1,0,0,0,0,1,142,0.0,0.0
0.0,0.0,1.0,0.0,0.0,0.0,0.0,6.750243958572799,0.0,0.0,9.817279592902144,1.0986122886681098,3.295836866004329,2.772588722239781,1.0876616723132226,0.2,0.0,0,0,0,1,1,0,0,0,1,0,0,0,143,1.0,5.416428571
0.0,0.0,0.0,0.0,7.10315111288216,0.0,0.0,0.0,0.0,0.0,5.190584992478851,0.6931471805599453,1.0986122886681098,0.0,4.208804712989602,0.6666666666666666,0.0,0,0,0,1,1,1,0,0,1,0,1,0,144,,
1.0,0.0,0.0,0.0,4.376066946710317,10.954422301563511,0.0,0.0,0.0,0.0,7.1325277884233556,1.9459101490553132,1.9459101490553132,2.1972245773362196,1.0066371436356267,0.19047619047619047,0.0013726771476789798,0,0,0,1,1,1,0,0,0,1,0,0,145,,
0.0,0.0,0.0,0.0,0.22969348240502155,0.0,0.0,0.0,0.0,0.0,6.104746196933834,0.6931471805599453,2.70805020110221,0.0,1.2923268348856036,0.2,0.0,0,0,0,1,1,1,1,0,0,1,0,0,146,,
0.0,0.0,0.0,0.0,4.8407362573008585,0.0,0.0,0.0,0.0,0.0,6.298835007058766,0.6931471805599453,0.6931471805599453,1.6094379124341003,2.63928124997495,0.6666666666666666,0.0,0,0,0,1,1,1,0,0,0,0,0,1,147,0.0,0.0
0.0,3.0,0.0,0.0,4.891089992060218,0.0,8.623661664542443,0.0,0.0,0.0,8.7069599400258,0.0,0.0,3.091042453358316,2.540912792899047,0.2608695652173913,0.0,0,0,0,0,1,1,1,0,0,0,0,0,148,1.0,4.234464286
0.0,0.0,0.0,0.0,6.355558154536699,0.0,0.0,0.0,0.0,0.0,6.455536556528454,0.0,0.0,0.0,1.009708770865078,1.0,0.0,0,0,0,1,1,1,0,1,0,0,0,0,149,0.0,0.0
0.0,0.0,0.0,0.0,2.5332431960090007,0.0,0.0,0.0,0.0,0.0,7.339622107429296,1.6094379124341003,3.8918202981106265,0.6931471805599453,1.0680604238171156,0.06779661016949153,0.0,0,0,0,1,0,0,1,0,0,0,0,0,150,,
1.0,0.0,0.0,0.0,8.024454321389438,10.651549006332308,0.0,0.0,0.0,0.0,7.429274521650715,1.0986122886681098,1.9459101490553132,2.1972245773362196,0.8501662324108954,0.3333333333333333,0.07226622333917362,0,0,0,1,1,1,0,1,0,0,0,1,151,,
0.0,0.0,0.0,0.0,8.3502329855645,0.0,0.0,0.0,0.0,0.0,5.264187956328362,1.0986122886681098,0.0,0.6931471805599453,0.678123858499534,0.3333333333333333,0.0,0,0,0,1,0,1,0,1,0,1,0,0,152,,
1.0,0.0,0.0,0.0,6.842844498057822,7.830113991766001,0.0,0.0,0.0,0.0,7.675560752313061,2.5649493574615367,2.772588722239781,2.9444389791664403,0.9301756016534906,0.6086956521739131,0.3723431260335779,0,0,0,1,0,0,0,0,1,1,0,0,153,,
0.0,0.0,0.0,0.0,6.668134760693051,0.0,0.0,0.0,0.0,0.0,6.103525688348889,0.0,3.6635616461296463,0.0,0.3019549355881811,0.13157894736842105,0.0,0,0,0,1,1,1,1,0,0,0,1,0,154,,
0.0,0.0,0.0,0.0,0.0,0.0,0.0,0.0,0.0,0.0,6.589587489140999,1.3862943611198906,2.1972245773362196,1.0986122886681098,1.1318260096151267,0.14285714285714285,0.0,0,0,0,1,1,1,1,0,0,1,0,0,155,,
1.0,1.0,0.0,0.0,6.037575956615669,8.77338139026996,9.186150681991535,0.0,0.0,0.0,7.510457532478298,0.0,0.0,1.9459101490553132,0.39317809065356474,0.875,0.0646969761159875,0,0,0,0,1,1,0,1,0,1,0,0,156,0.0,0.0
0.0,0.0,0.0,0.0,8.2868416714988,0.0,0.0,0.0,0.0,0.0,6.932383778297784,1.0986122886681098,1.9459101490553132,2.0794415416798357,0.9511382415688254,0.16666666666666666,0.0,0,0,0,1,1,1,0,0,0,0,1,0,157,0.0,0.0
1.0,0.0,0.0,0.0,5.791886012826181,9.687747598087409,0.0,0.0,0.0,0.0,7.764063798600643,0.0,2.6390573296152584,0.0,1.9478064635786467,0.38461538461538464,0.0202650726867711,0,0,0,1,1,1,0,0,0,0,0,1,158,0.0,0.0
0.0,0.0,0.0,0.0,7.364273521508421,0.0,0.0,0.0,0.0,0.0,6.572708026568499,0.6931471805599453,0.6931471805599453,2.3978952727983707,0.22864525945744144,0.2,0.0,0,0,0,1,1,1,1,0,0,0,0,1,159,0.0,0.0
0.0,0.0,0.0,0.0,8.106297255924868,0.0,0.0,0.0,0.0,0.0,7.008261997904193,0.0,2.0794415416798357,2.772588722239781,1.5587890687494061,0.13043478260869565,0.0,0,0,0,1,1,0,1,0,0,0,0,1,160,0.0,0.0
1.0,2.0,0.0,0.0,5.049402607684615,4.477056742761785,10.382240727934532,0.0,0.0,0.0,1.1464950117135457,0.0,0.0,0.0,7.382438313341995,1.15,1.7813009431006748,0,0,0,0,1,0,0,1,0,0,1,0,161,,
0.0,0.0,0.0,0.0,1.0867565722435533,0.0,0.0,0.0,0.0,0.0,6.216681661303972,1.3862943611198906,0.0,1.3862943611198906,1.3131738884144373,0.3333333333333333,0.0,0,0,0,1,1,0,0,1,0,0,1,0,162,0.0,0.0
1.0,2.0,0.0,0.0,7.174593859521059,8.038217317452704,7.43165527365312,0.0,0.0,0.0,9.249377586563863,0.6931471805599453,1.0986122886681098,1.6094379124341003,1.5977977941531438,0.6666666666666666,0.42144474064630677,0,0,0,0,1,0,0,1,0,1,0,0,163,0.0,0.0
1.0,9.0,0.0,0.0,7.897839208930995,7.855925696016721,7.9558181067254194,0.0,0.0,0.0,0.07927318089450787,0.6931471805599453,2.1972245773362196,1.791759469228055,0.0043130541106219285,0.13333333333333333,1.0428208766632696,0,0,0,0,1,0,1,0,0,0,1,0,164,,
0.0,0.0,0.0,0.0,2.9374976506322708,0.0,0.0,0.0,0.0,0.0,7.23292304372207,0.6931471805599453,0.0,2.5649493574615367,1.2977134176571183,0.17647058823529413,0.0,0,0,0,1,1,0,1,0,0,0,1,0,165,,
0.0,0.0,0.0,1.0,2.8212088040888923,0.0,0.0,0.0,7.70412733940233,6.627910982228876,7.074438223473617,1.791759469228055,0.0,1.0986122886681098,0.9527812667862935,0.6521739130434783,0.0,0,0,0,1,0,1,0,1,0,1,0,0,166,,
0.0,0.0,0.0,0.0,8.145494940322836,0.0,0.0,0.0,0.0,0.0,5.454739444510608,1.3862943611198906,2.1972245773362196,1.6094379124341003,1.3647702775091575,0.2,0.0,0,0,0,1,1,1,0,0,1,1,0,0,167,1.0,1.703214286
1.0,0.0,0.0,0.0,4.282600854555594,9.793801544855794,0.0,0.0,0.0,0.0,5.719147164283438,0.0,0.0,1.9459101490553132,0.9637338471127876,0.42857142857142855,0.003985678181998498,0,0,0,1,0,0,1,0,0,0,0,1,168,,
0.0,0.0,0.0,0.0,7.009793424274602,0.0,0.0,0.0,0.0,0.0,6.920684548586113,1.791759469228055,2.302585092994046,1.9459101490553132,1.1639483850317938,0.14285714285714285,0.0,0,0,0,1,1,1,0,0,1,1,0,0,169,,
0.0,0.0,0.0,0.0,0.0,0.0,0.0,0.0,0.0,0.0,5.775882735515264,0.0,0.0,0.6931471805599453,1.0289888711116488,0.4,0.0,0,0,0,1,1,0,1,0,0,0,1,0,170,,
0.0,0.0,0.0,0.0,8.322086133004868,0.0,0.0,0.0,0.0,0.0,6.751777931780077,2.5649493574615367,3.332204510175204,2.302585092994046,0.8831806935442563,0.05084745762711865,0.0,0,0,0,1,1,0,0,0,0,0,1,0,171,1.0,6.762142857
3.0,0.0,1.0,0.0,0.040593396553730836,8.340998654680986,0.0,3.400244546859219,0.0,0.0,4.683489431199191,0.0,0.0,1.0986122886681098,6.1096626999999994,1.2,9.884480989083137e-06,0,0,0,1,1,0,0,1,0,0,0,1,172,0.0,0.0
0.0,0.0,0.0,0.0,8.272519065334128,0.0,0.0,0.0,0.0,0.0,0.020852496578743687,0.0,0.0,0.0,0.010727272947014876,1.0,0.0,0,0,0,1,1,1,0,0,0,0,1,0,173,0.0,0.0
0.0,0.0,0.0,1.0,4.2734566089053425,0.0,0.0,0.0,9.563433433526527,6.279707399793132,7.157580265038919,1.0986122886681098,1.791759469228055,1.9459101490553132,1.0563249702835418,0.3157894736842105,0.0,0,0,0,1,0,1,0,0,0,0,1,0,174,,
0.0,0.0,0.0,2.0,0.06832598276609228,0.0,0.0,0.0,9.940315725076104,0.0,6.309855938647082,1.0986122886681098,0.0,1.3862943611198906,1.187349329291296,0.625,0.0,0,0,0,1,1,0,1,0,0,1,0,0,175,,
0.0,0.0,0.0,0.0,5.843372559656031,0.0,0.0,0.0,0.0,0.0,5.74243984230122,1.6094379124341003,2.1972245773362196,1.3862943611198906,0.8323423675171469,0.1111111111111111,0.0,0,0,0,1,1,0,0,1,0,0,0,1,176,,
0.0,0.0,0.0,0.0,8.16530026481375,0.0,0.0,0.0,0.0,0.0,6.294503982209936,0.0,0.0,1.0986122886681098,2.9872587334507408,0.6666666666666666,0.0,0,0,0,1,1,0,0,0,0,1,0,0,177,0.0,0.0
1.0,0.0,0.0,0.0,4.472899223145252,0.10468171402411726,0.0,0.0,0.0,0.0,0.06331008848554642,0.0,0.0,1.6094379124341003,0.006711097645620298,0.5,784.8187691847006,0,0,0,1,1,1,0,0,0,1,0,0,178,1.0,1.581428571
0.0,0.0,0.0,0.0,2.540392038141695,0.0,0.0,0.0,0.0,0.0,7.18776648769296,1.0986122886681098,1.0986122886681098,1.6094379124341003,2.0574695715851186,0.5555555555555556,0.0,0,0,0,1,1,0,0,0,0,0,1,0,179,0.0,0.0
0.0,0.0,0.0,0.0,6.8062622748508,0.0,0.0,0.0,0.0,0.0,6.216992396523054,1.6094379124341003,0.0,0.6931471805599453,1.0556584004187437,0.2,0.0,0,0,0,1,1,0,0,1,0,0,0,1,180,,
1.0,0.0,0.0,0.0,6.310293532537083,3.6273554325368917,0.0,0.0,0.0,0.0,5.9365340067433285,0.0,0.0,0.6931471805599453,27.042097192954095,3.5,15.000224352058655,0,0,0,1,1,1,0,0,1,0,0,0,181,0.0,0.0
0.0,0.0,0.0,0.0,6.098048599589255,0.0,0.0,0.0,0.0,0.0,6.409418016668506,2.1972245773362196,3.4965075614664802,1.3862943611198906,0.6300650539519301,0.16279069767441862,0.0,0,0,0,1,1,1,0,1,0,0,0,1,182,1.0,5.793928571
0.0,0.0,0.0,0.0,8.461177334632843,0.0,0.0,0.0,0.0,0.0,5.938197501681054,1.6094379124341003,2.1972245773362196,1.9459101490553132,1.1610745317747646,0.18181818181818182,0.0,0,0,0,1,1,1,1,0,0,0,0,1,183,,
0.0,0.0,0.0,0.0,5.086998714099851,0.0,0.0,0.0,0.0,0.0,0.009596661388802302,0.0,1.0986122886681098,0.0,7.312158658388092e-05,0.25,0.0,0,0,0,1,1,0,1,0,0,0,1,0,184,0.0,0.0
0.0,0.0,0.0,0.0,8.654225884777267,0.0,0.0,0.0,0.0,0.0,6.432712115468163,0.0,1.3862943611198906,1.791759469228055,1.424546840299236,0.3333333333333333,0.0,0,0,0,1,1,1,0,0,0,1,0,0,185,1.0,1.545357143
0.0,0.0,0.0,1.0,6.890190125260009,0.0,0.0,0.0,9.076087617175373,0.0,7.20404811888837,1.6094379124341003,1.6094379124341003,1.6094379124341003,1.0181174355443958,0.6764705882352942,0.0,0,0,0,1,0,1,1,0,0,0,0,0,186,0.0,0.0
1.0,25.0,0.0,0.0,6.8297586017600365,6.125560623955854,0.0,0.0,0.0,0.0,7.32621299706697,1.3862943611198906,1.9459101490553132,2.3978952727983707,2.0081216269489515,0.25,2.024463915401755,0,0,0,0,1,1,0,1,0,0,0,1,187,1.0,2.701071429
0.0,0.0,0.0,0.0,6.619653594638932,0.0,0.0,0.0,0.0,0.0,7.5618794412058925,1.6094379124341003,2.70805020110221,2.1972245773362196,1.0131238223570025,0.5178571428571429,0.0,0,0,0,1,0,0,1,0,0,1,0,0,188,,
0.0,0.0,0.0,1.0,9.811751205526912,0.0,0.0,0.0,8.699917464775655,0.0,4.715947788799465,0.0,0.0,0.0,1.7640668343298782,0.75,0.0,0,0,0,1,1,1,0,0,0,0,0,0,189,0.0,0.0
1.0,0.0,0.0,0.0,8.225205864642568,8.728803229614144,0.0,0.0,0.0,5.068443628877014,5.880946907148268,0.0,1.0986122886681098,1.0986122886681098,1.4311406078423101,0.6,0.6042886191495415,0,0,0,1,0,1,0,1,0,1,0,0,190,0.0,0.0
0.0,0.0,0.0,0.0,6.955197936624687,0.0,0.0,0.0,0.0,0.0,6.907436299513595,1.9459101490553132,1.791759469228055,1.6094379124341003,1.00328579492535,0.21052631578947367,0.0,0,0,0,1,1,1,0,1,0,0,1,0,191,0.0,0.0
2.0,4.0,0.0,0.0,1.8398124002793508,9.455993862899284,5.910409422467463,0.0,0.0,0.0,0.02364676930151856,0.0,0.0,0.0,0.0,0.0,0.0004142316437550871,0,0,0,0,1,0,0,1,0,1,0,0,192,0.0,0.0
1.0,0.0,0.0,0.0,4.96948834608989,4.674256386053129,0.0,0.0,0.0,0.0,6.801928384697815,0.0,0.0,1.791759469228055,0.6119805288168206,1.0,1.3466732616092725,0,0,0,1,1,0,0,1,0,0,0,1,193,0.0,0.0
0.0,0.0,0.0,0.0,5.48090525703869,0.0,0.0,0.0,0.0,0.0,4.093189133137595,0.0,0.0,0.0,0.1719564809514217,1.0,0.0,0,0,0,1,1,1,1,0,0,0,0,0,194,0.0,0.0
0.0,0.0,0.0,0.0,8.670425980796635,0.0,0.0,0.0,0.0,0.0,8.117018883607637,0.0,0.6931471805599453,2.772588722239781,0.7804217417019015,0.4444444444444444,0.0,0,0,0,1,1,1,0,1,0,0,0,1,195,0.0,0.0
1.0,0.0,0.0,0.0,4.049975858997199,0.04470017919113093,0.0,0.0,0.0,0.0,7.211242503875101,0.6931471805599453,1.3862943611198906,2.70805020110221,16.681038296280935,0.47619047619047616,1233.6640548208497,0,0,0,1,1,1,0,1,0,1,0,0,196,,
1.0,4.0,0.0,0.0,6.532782309896932,12.16312437959616,0.0,0.0,0.0,0.0,10.281213767958949,0.0,0.0,1.3862943611198906,0.9439626598591628,0.9090909090909091,0.003582147271661389,0,0,0,0,1,1,0,0,1,1,0,0,197,,
0.0,3.0,0.0,0.0,8.292295960554531,0.0,0.0,0.0,0.0,0.0,5.935008512630123,0.6931471805599453,1.3862943611198906,1.9459101490553132,0.9574311210392218,0.18181818181818182,0.0,0,0,0,0,1,0,0,1,0,0,0,0,198,0.0,0.0
0.0,0.0,0.0,1.0,5.029291139252481,0.0,0.0,0.0,8.403405360814164,0.0,7.287200256637878,1.6094379124341003,2.5649493574615367,1.3862943611198906,1.264099700237326,0.09302325581395349,0.0,0,0,0,1,1,0,0,1,0,0,1,0,199,,
0.0,2.0,1.0,0.0,0.0,0.0,0.0,6.169012825119375,0.0,0.0,9.713020381723476,1.6094379124341003,3.6888794541139363,2.3978952727983707,2.635424277133683,0.16129032258064516,0.0,0,0,0,0,1,0,0,0,0,0,1,0,200,,
0.0,0.0,0.0,0.0,8.53970908134676,0.0,0.0,0.0,0.0,0.0,6.166172371402491,1.3862943611198906,0.0,0.0,0.5679298176767612,0.3333333333333333,0.0,0,0,0,1,1,1,0,0,1,0,0,0,201,,
0.0,0.0,1.0,0.0,3.7830851280397884,0.0,0.0,5.545136986239264,0.0,0.0,7.0265216407926285,0.0,1.0986122886681098,1.9459101490553132,0.7546132615135297,0.5,0.0,0,0,0,1,0,0,0,1,0,0,1,0,202,0.0,0.0
0.0,0.0,0.0,0.0,2.46579663947729,0.0,0.0,0.0,0.0,0.0,6.22371578306161,1.9459101490553132,0.0,0.0,0.9050702870714478,0.18181818181818182,0.0,0,0,0,1,1,0,0,1,0,0,0,1,203,1.0,0.641607143
0.0,0.0,0.0,0.0,0.5200684907622425,0.0,0.0,0.0,0.0,0.0,5.858707344435351,1.0986122886681098,0.0,0.6931471805599453,0.8792223320327249,0.3333333333333333,0.0,0,0,0,1,1,0,1,0,0,0,0,0,204,0.0,0.0
0.0,0.0,0.0,0.0,8.081939747851795,0.0,0.0,0.0,0.0,3.413655174454258,6.57193682853616,0.6931471805599453,0.6931471805599453,2.5649493574615367,0.8711899486747592,0.3333333333333333,0.0,0,0,0,1,0,1,0,0,0,0,0,0,205,0.0,0.0
1.0,0.0,0.0,0.0,9.335745019001028,10.03866608800077,0.0,0.0,0.0,0.0,0.0,0.0,0.0,1.0986122886681098,0.49162089345324284,1.0,0.49511480801245267,0,0,0,1,1,1,0,0,1,0,0,1,206,,
0.0,0.0,0.0,0.0,5.179823364089642,0.0,0.0,0.0,0.0,0.0,4.000105831993952,0.0,0.0,0.0,3.298920808167477,1.0,0.0,0,0,0,1,1,0,1,0,0,0,0,0,207,,
0.0,0.0,0.0,0.0,0.712949807856125,0.0,0.0,0.0,0.0,0.0,0.0,0.0,0.0,0.0,0.0,0.0,0.0,0,0,0,1,1,0,1,0,0,0,0,1,208,0.0,0.0
0.0,0.0,0.0,0.0,8.829721453494102,0.0,0.0,0.0,0.0,0.0,5.190579026104246,0.0,0.0,1.0986122886681098,1.0191663270296913,0.6666666666666666,0.0,0,0,0,1,1,1,0,0,1,0,0,0,209,1.0,0.260714286
1.0,7.0,1.0,1.0,11.00587838998895,7.825124143861982,0.0,6.20473667868346,7.0855035969423446,0.0,8.629438317921093,1.0986122886681098,3.332204510175204,2.0794415416798357,0.7409515817932466,0.5375,24.074117265944317,0,0,0,0,0,1,0,1,0,0,1,0,210,0.0,0.0
1.0,15.0,0.0,0.0,8.707580170735975,7.385033278846415,5.717827428578657,0.0,0.0,5.612906496797983,6.172521912231608,0.0,0.0,0.6931471805599453,12.682101790965664,1.5,3.7546768126299668,0,0,0,0,0,0,1,0,0,1,0,0,211,,
0.0,0.0,0.0,0.0,5.428530760635906,0.0,0.0,0.0,0.0,5.960104713304829,5.917674793509672,1.3862943611198906,1.0986122886681098,0.6931471805599453,1.4251114300274026,0.25,0.0,0,0,0,1,0,0,0,0,0,1,0,0,212,0.0,0.0
0.0,0.0,0.0,0.0,7.8091848431019315,0.0,0.0,0.0,0.0,0.0,6.002039682729992,0.6931471805599453,0.0,0.6931471805599453,1.0369244192528524,1.5,0.0,0,0,0,1,1,0,0,1,0,0,1,0,213,0.0,0.0
0.0,0.0,1.0,0.0,6.3400065078165255,0.0,0.0,8.167134475036551,0.0,0.0,6.197118180407075,1.0986122886681098,2.302585092994046,1.791759469228055,0.6069540764348783,0.15789473684210525,0.0,0,0,0,1,0,1,1,0,0,0,0,0,214,,
0.0,0.0,0.0,0.0,9.464410860276601,0.0,0.0,0.0,0.0,0.0,6.40086772416707,0.6931471805599453,0.6931471805599453,1.9459101490553132,0.931372863584551,0.3333333333333333,0.0,0,0,0,1,1,1,1,0,0,1,0,0,215,0.0,0.0
0.0,0.0,0.0,0.0,5.263160100758807,0.0,0.0,0.0,0.0,5.511482729305056,4.91790891646498,0.0,0.0,0.0,40.00063158568418,2.0,0.0,0,0,0,1,0,0,0,1,0,1,0,0,216,,
1.0,0.0,0.0,0.0,9.003975447553728,0.0,0.0,0.0,0.0,0.0,0.042648896558027116,0.0,0.0,0.6931471805599453,1.0021404160605256,1.5,0.0,0,0,0,1,1,1,0,0,0,0,0,1,217,,
0.0,0.0,0.0,1.0,4.809704511555133,0.0,0.0,0.0,7.15581107066921,0.0,7.225596874420213,1.6094379124341003,1.0986122886681098,1.0986122886681098,0.9361658627759364,0.6296296296296297,0.0,0,0,0,1,0,1,1,0,0,0,0,0,218,0.0,0.0
1.0,27.0,0.0,0.0,7.2450621165128135,12.87360666859702,9.622228096854771,0.0,0.0,0.0,9.011153927590454,0.0,0.0,2.302585092994046,0.828206856114445,0.35294117647058826,0.003591246465610352,0,0,0,0,1,1,0,0,1,1,0,0,219,0.0,0.0
0.0,0.0,0.0,1.0,5.53481281168629,0.0,0.0,0.0,5.685617291875724,0.0,6.12344004254574,0.0,0.0,1.791759469228055,1.4694591916730917,0.4444444444444444,0.0,0,0,0,1,0,0,0,1,0,0,0,0,220,0.0,0.0
0.0,0.0,1.0,0.0,7.274676797117368,0.0,0.0,0.0,0.0,0.0,5.880932946350189,0.6931471805599453,0.0,1.9459101490553132,0.8617377199949695,0.6666666666666666,0.0,0,0,0,1,1,1,1,0,0,0,0,1,221,0.0,0.0
0.0,0.0,0.0,0.0,0.0,0.0,0.0,0.0,0.0,0.0,6.781022356982795,0.0,0.6931471805599453,2.3978952727983707,1.0796218561009685,0.21428571428571427,0.0,0,0,0,1,1,0,0,0,1,1,0,0,222,1.0,8.917321429
0.0,0.0,0.0,0.0,7.549784525567469,0.0,0.0,0.0,0.0,0.0,0.4366407255766141,0.0,0.0,0.6931471805599453,0.006684136403705588,0.2,0.0,0,0,0,1,1,1,1,0,0,1,0,0,223,,
0.0,1.0,0.0,0.0,5.377463518589502,0.0,0.0,0.0,0.0,0.0,7.223320947660287,0.0,0.0,0.0,1534.43879991449,2.0,0.0,0,0,0,0,1,0,0,0,1,0,0,1,224,,
0.0,0.0,0.0,0.0,5.848419677093064,0.0,0.0,0.0,0.0,6.428747231366928,0.007472014838700995,0.0,1.6094379124341003,0.6931471805599453,5.7461828915347926e-05,0.2,0.0,0,0,0,1,0,1,0,0,0,0,0,1,225,0.0,0.0
0.0,0.0,0.0,0.0,9.66268765758526,0.0,0.0,0.0,0.0,0.0,7.636499168726075,0.0,0.0,1.0986122886681098,1.6068182954617234,0.6666666666666666,0.0,0,0,0,1,1,0,0,1,0,0,1,0,226,,
1.0,8.0,0.0,0.0,8.457808225046884,8.881264067835462,0.0,0.0,0.0,0.0,0.003209131225747237,0.0,0.0,0.0,0.0,0.0,0.6547321069679987,0,0,0,0,1,0,1,0,0,0,1,0,227,,
1.0,0.0,0.0,0.0,9.224222566871546,0.7463493660051173,0.0,0.0,0.0,0.0,7.265145966915014,0.6931471805599453,1.0986122886681098,2.0794415416798357,1.5857538160516513,0.16666666666666666,9139.926596043768,0,0,0,1,1,0,1,0,0,0,0,1,228,,
0.0,0.0,0.0,0.0,5.583329807327116,0.0,0.0,0.0,0.0,0.0,5.190859414474166,0.0,0.0,0.6931471805599453,9.011603602090927,1.0,0.0,0,0,0,1,1,1,0,0,1,0,1,0,229,,
0.0,0.0,0.0,0.0,11.224389108655208,0.0,0.0,0.0,0.0,0.0,8.158362047118807,0.0,1.0986122886681098,2.5649493574615367,0.966936398169572,0.6341463414634146,0.0,0,0,0,1,0,1,1,0,0,0,0,1,230,0.0,0.0
0.0,0.0,0.0,0.0,4.743026587015463,0.0,0.0,0.0,0.0,0.0,6.75510846772746,1.0986122886681098,2.302585092994046,2.0794415416798357,1.0146572560170997,0.3333333333333333,0.0,0,0,0,1,0,1,1,0,0,0,0,1,231,,
0.0,0.0,0.0,0.0,3.5367267768246005,0.0,0.0,0.0,0.0,0.0,6.298891472025245,0.0,1.3862943611198906,1.791759469228055,1.1328213831513796,0.2222222222222222,0.0,0,0,0,1,1,1,1,0,0,0,0,0,232,,
0.0,0.0,0.0,0.0,2.832162371978485,0.0,0.0,0.0,0.0,0.0,6.712265978202695,0.0,0.0,0.0,131.429142864,1.5,0.0,0,0,0,1,1,1,1,0,0,1,0,0,233,,
0.0,0.0,0.0,0.0,6.753839988165378,0.0,0.0,0.0,0.0,6.039748630859367,7.161377320563141,0.6931471805599453,0.0,1.6094379124341003,1.0751956754915892,0.6666666666666666,0.0,0,0,0,1,0,0,0,1,0,0,1,0,234,0.0,0.0
0.0,0.0,0.0,1.0,5.540605065270868,0.0,0.0,0.0,7.430544057995592,0.0,6.90422620200895,0.6931471805599453,1.0986122886681098,2.772588722239781,0.9244860428124854,0.20833333333333334,0.0,0,0,0,1,1,0,1,0,0,0,1,0,235,,
0.0,0.0,0.0,0.0,6.331685488369192,0.0,0.0,0.0,0.0,0.0,6.073869572234254,2.4849066497880004,1.3862943611198906,0.6931471805599453,0.8451823887619072,0.12,0.0,0,0,0,1,1,0,1,0,0,0,0,1,236,0.0,0.0
0.0,0.0,0.0,0.0,4.836423619925593,0.0,0.0,0.0,0.0,0.0,0.05048939965074493,0.0,0.0,0.0,0.026363636222016526,1.0,0.0,0,0,0,1,1,1,1,0,0,0,0,1,237,,
0.0,0.0,0.0,0.0,6.33577714103697,0.0,0.0,0.0,0.0,0.0,6.024581505287334,1.0986122886681098,1.0986122886681098,1.791759469228055,0.8395513327368811,0.25,0.0,0,0,0,1,1,1,0,0,0,0,0,1,238,0.0,0.0
1.0,10.0,0.0,0.0,0.0,1.3722678768143122,12.333753664354978,0.0,0.0,0.0,0.00035707923961937285,0.0,0.0,0.6931471805599453,0.9520535716666667,1.5,0.0,0,0,0,0,1,0,0,0,0,0,1,0,239,,
0.0,1.0,0.0,0.0,5.705345538102479,0.0,8.720087212112652,0.0,0.0,0.0,7.164869246267495,0.0,0.0,1.0986122886681098,0.5991839950424855,1.0,0.0,0,0,0,0,1,1,1,0,0,0,0,1,240,,
0.0,0.0,0.0,0.0,5.146661488696092,0.0,0.0,0.0,0.0,0.0,5.658643138048385,0.0,0.0,0.0,0.0,0.0,0.0,0,0,0,1,1,0,1,0,0,0,0,0,241,0.0,0.0
0.0,0.0,0.0,0.0,6.565070786253333,0.0,0.0,0.0,0.0,0.0,0.016295082064857972,0.0,0.0,0.6931471805599453,7.983338909546453e-05,0.3333333333333333,0.0,0,0,0,1,1,0,1,0,0,0,1,0,242,0.0,0.0
1.0,11.0,0.0,0.0,6.283442957505841,11.330011831453438,0.0,0.0,0.0,0.0,9.170172441738409,1.9459101490553132,2.833213344056216,2.0794415416798357,0.5988770351453027,0.34375,0.00641943241953892,0,0,0,0,1,1,0,0,0,0,0,0,243,,
0.0,0.0,0.0,0.0,1.8935421635595027,0.0,0.0,0.0,0.0,0.0,5.603443720303494,0.0,1.791759469228055,2.0794415416798357,0.6716047410122853,0.21428571428571427,0.0,0,0,0,1,1,1,1,0,0,0,0,1,244,1.0,9.155357143
0.0,0.0,0.0,0.0,5.653851660092384,0.0,0.0,0.0,0.0,0.0,6.255204238895342,1.3862943611198906,2.302585092994046,0.0,0.5395499560862647,0.21428571428571427,0.0,0,0,0,1,1,1,1,0,0,0,0,1,245,0.0,0.0
0.0,0.0,0.0,1.0,7.859161744328167,0.0,0.0,0.0,5.439637101021742,0.0,7.02924888240378,1.6094379124341003,2.833213344056216,2.70805020110221,1.0541799393125506,0.13513513513513514,0.0,0,0,0,1,1,1,0,1,0,0,0,0,246,,
1.0,0.0,1.0,0.0,6.537142324114785,5.866090608088046,0.0,0.0,0.0,0.0,7.775490319076061,1.6094379124341003,1.3862943611198906,2.1972245773362196,3.393110609042997,0.5,1.9590114765413051,0,0,0,1,1,0,0,1,0,0,0,1,247,0.0,0.0
0.0,0.0,0.0,0.0,6.656199852220572,0.0,0.0,0.0,0.0,0.0,5.786956538205865,1.6094379124341003,2.302585092994046,0.6931471805599453,1.2840322426158806,0.21428571428571427,0.0,0,0,0,1,1,0,1,0,0,0,1,0,248,0.0,0.0
1.0,0.0,0.0,0.0,3.784084108805228,7.458519146876016,0.0,0.0,0.0,0.0,7.795518368039085,1.3862943611198906,2.3978952727983707,2.302585092994046,1.351407134358279,0.09090909090909091,0.024801520058953235,0,0,0,1,1,0,0,0,0,0,0,1,249,0.0,0.0
0.0,0.0,0.0,0.0,6.287768274673533,0.0,0.0,0.0,0.0,0.0,8.149465760576296,1.0986122886681098,2.8903717578961645,0.0,1.5410520686217426,0.20833333333333334,0.0,0,0,0,1,1,0,1,0,0,0,0,0,250,0.0,0.0
1.0,0.0,0.0,0.0,0.0,8.76928953614301,0.0,0.0,0.0,0.0,7.041302921224634,1.3862943611198906,0.0,2.3978952727983707,0.9008747032817583,0.35714285714285715,0.0,0,0,0,1,1,0,0,0,1,0,0,0,251,0.0,0.0
1.0,0.0,0.0,0.0,4.880781484390205,9.017830071447767,0.0,0.0,0.0,0.0,0.03267460908936936,0.0,0.6931471805599453,1.3862943611198906,0.4105811726931435,1.0,0.01585060848622391,0,0,0,1,1,1,1,0,0,1,0,0,252,0.0,0.0
0.0,0.0,1.0,0.0,4.184941270141239,0.0,0.0,6.659660152996645,0.0,0.0,7.269351344614221,0.0,0.0,1.791759469228055,0.8673474890911571,0.5,0.0,0,0,0,1,0,1,1,0,0,0,0,0,253,0.0,0.0
0.0,0.0,0.0,0.0,6.956604625209801,0.0,0.0,0.0,0.0,0.0,5.040658620792067,0.0,0.0,0.0,1.0325145270102756,0.6666666666666666,0.0,0,0,0,1,0,0,1,0,0,1,0,0,254,0.0,0.0
0.0,0.0,0.0,0.0,0.1885521065445907,0.0,0.0,0.0,0.0,0.0,7.057049901511071,1.791759469228055,1.0986122886681098,1.6094379124341003,1.118433634974134,0.13333333333333333,0.0,0,0,0,1,1,1,0,0,1,0,0,1,255,,
0.0,0.0,0.0,0.0,6.351170517865338,0.0,0.0,0.0,0.0,0.0,7.27552198130563,1.0986122886681098,2.0794415416798357,0.0,2.4387114057621218,0.2857142857142857,0.0,0,0,0,1,0,0,1,0,0,1,0,0,256,0.0,0.0
0.0,0.0,0.0,1.0,5.585391665217744,0.0,0.0,0.0,9.182406140446746,0.0,7.4116236142455945,0.0,0.0,1.6094379124341003,1.6225143132553457,0.7,0.0,0,0,0,1,1,1,1,0,0,0,0,0,257,,
0.0,0.0,0.0,0.0,0.0,0.0,0.0,0.0,0.0,0.0,7.2784692132085596,1.3862943611198906,0.0,1.791759469228055,0.7320016609042413,0.2222222222222222,0.0,0,0,0,1,1,1,0,0,1,0,0,1,258,,
1.0,10.0,0.0,0.0,8.08982487861716,9.673064197004885,8.928477998842007,0.0,0.0,0.0,6.671531463537492,0.0,0.0,1.0986122886681098,13.11741745337541,2.0,0.20525892454912806,0,0,0,0,1,1,1,0,0,0,0,0,259,0.0,0.0
0.0,0.0,0.0,0.0,7.564508703696967,0.0,0.0,0.0,0.0,0.0,6.648446840718195,0.0,1.0986122886681098,2.4849066497880004,2.2218494488953273,0.35714285714285715,0.0,0,0,0,1,1,1,1,0,0,0,0,1,260,,
0.0,0.0,0.0,0.0,5.276557324765473,0.0,0.0,0.0,0.0,0.0,4.836774982988554,0.0,0.0,1.6094379124341003,0.8892472328554019,0.42857142857142855,0.0,0,0,0,1,1,0,0,0,0,0,0,1,261,,
0.0,0.0,0.0,0.0,7.869146928975715,0.0,0.0,0.0,0.0,0.0,6.882139990857581,0.6931471805599453,0.6931471805599453,2.3978952727983707,1.9211686031367528,0.15384615384615385,0.0,0,0,0,1,1,0,1,0,0,1,0,0,262,0.0,0.0
0.0,0.0,0.0,0.0,3.733203879316842,0.0,0.0,0.0,0.0,0.0,4.3539761586587,1.0986122886681098,0.6931471805599453,1.0986122886681098,0.29986610876431063,0.6,0.0,0,0,0,1,1,0,0,0,1,0,0,0,263,,
0.0,0.0,0.0,0.0,8.408386108273463,0.0,0.0,0.0,0.0,0.0,6.97777262578167,0.6931471805599453,0.0,0.6931471805599453,0.8089174982808214,0.5,0.0,0,0,0,1,1,0,0,1,0,0,1,0,264,0.0,0.0
0.0,0.0,0.0,0.0,2.933628880550449,0.0,0.0,0.0,0.0,0.0,7.575009578029575,0.0,0.0,0.0,574.111684312669,8.0,0.0,0,0,0,1,1,0,1,0,0,0,0,1,265,,
0.0,0.0,0.0,0.0,6.941265349138927,0.0,0.0,0.0,0.0,0.0,5.888396045555669,1.791759469228055,1.3862943611198906,1.0986122886681098,0.8479100443315177,0.18181818181818182,0.0,0,0,0,1,1,1,1,0,0,0,0,0,266,,
0.0,0.0,0.0,0.0,0.0,0.0,0.0,0.0,0.0,0.0,6.476633294489412,0.6931471805599453,2.0794415416798357,1.0986122886681098,3.246971240620804,0.16666666666666666,0.0,0,0,0,1,1,0,0,0,1,0,0,0,267,,
0.0,11.0,0.0,0.0,9.139710996360803,0.0,10.469746805422373,0.0,0.0,0.0,6.488340467510563,0.6931471805599453,0.0,1.0986122886681098,0.9916417588991991,1.0,0.0,0,0,0,0,1,1,0,0,1,0,0,0,268,0.0,0.0
1.0,0.0,0.0,0.0,6.416883414882104,9.334867882664678,0.0,0.0,0.0,6.893438640336653,6.468938529590542,0.6931471805599453,0.0,2.0794415416798357,0.4474304219947498,0.3,0.053958974723772285,0,0,0,1,0,0,1,0,0,1,0,0,269,0.0,0.0
0.0,0.0,0.0,0.0,4.628171473484441,0.0,0.0,0.0,0.0,0.0,6.126337227366437,0.0,2.302585092994046,1.791759469228055,0.9367983176964212,0.2,0.0,0,0,0,1,1,0,1,0,0,1,0,0,270,,
2.0,1.0,0.0,0.0,0.0014275515632253602,8.248984747309814,8.388375406894454,0.0,0.0,0.0,5.496443431135987,0.0,0.0,2.0794415416798357,3.1634968492005586,0.875,3.7370324232514093e-07,0,0,0,0,1,1,0,0,0,1,0,0,271,0.0,0.0
0.0,0.0,0.0,0.0,6.575631573738519,0.0,0.0,0.0,0.0,0.0,5.760368700883591,1.0986122886681098,0.0,1.0986122886681098,0.981287928992248,0.4,0.0,0,0,0,1,1,1,0,1,0,0,1,0,272,0.0,0.0
0.0,0.0,0.0,0.0,6.629001327183861,0.0,0.0,0.0,0.0,0.0,0.007472014838700995,1.6094379124341003,1.0986122886681098,0.6931471805599453,5.8037984472568706e-05,0.1111111111111111,0.0,0,0,0,1,1,1,1,0,0,1,0,0,273,,
0.0,0.0,0.0,0.0,3.448217272202404,0.0,0.0,0.0,0.0,0.0,8.181021009734039,0.0,0.0,1.9459101490553132,0.8781736778925282,0.6,0.0,0,0,0,1,1,1,0,0,1,0,0,1,274,,
0.0,0.0,0.0,0.0,8.560717269107439,0.0,0.0,0.0,0.0,0.0,6.385255225815528,1.791759469228055,0.0,1.0986122886681098,0.9674921209276288,0.38461538461538464,0.0,0,0,0,1,1,1,0,0,1,0,0,0,275,0.0,0.0
0.0,9.0,0.0,0.0,2.9951428143570493,0.0,11.099063987905447,0.0,0.0,0.0,5.969945375927961,0.0,0.6931471805599453,1.0986122886681098,0.7546892147919326,0.4,0.0,0,0,0,0,1,0,0,0,1,0,0,0,276,,
0.0,0.0,0.0,0.0,6.050604033008755,0.0,0.0,0.0,0.0,0.0,3.8376303773176073,1.0986122886681098,0.0,0.6931471805599453,0.6068038658600313,0.625,0.0,0,0,0,1,0,0,1,0,0,1,0,0,277,0.0,0.0
0.0,0.0,0.0,0.0,5.610655030051242,0.0,0.0,0.0,0.0,0.0,5.594196111558073,0.0,0.0,1.3862943611198906,0.7781014628903413,0.75,0.0,0,0,0,1,1,1,1,0,0,1,0,0,278,1.0,6.188392857
0.0,0.0,0.0,0.0,6.843973804545719,0.0,0.0,0.0,0.0,0.0,0.0035650665915424205,0.0,0.0,0.0,1.786352483284938e-05,0.3333333333333333,0.0,0,0,0,1,0,1,0,0,0,0,1,0,279,0.0,0.0
0.0,0.0,0.0,0.0,0.0,0.0,0.0,0.0,0.0,0.0,0.00035707923961937285,0.0,0.0,0.0,0.00018181825457190082,1.0,0.0,0,0,0,1,1,1,0,0,0,0,0,1,280,0.0,0.0
0.0,1.0,0.0,0.0,5.876942149569945,0.0,10.196237573713962,0.0,0.0,0.0,7.904597292322713,1.6094379124341003,1.3862943611198906,1.0986122886681098,1.95121970600438,0.18181818181818182,0.0,0,0,0,0,1,1,1,0,0,0,1,0,281,0.0,0.0
1.0,0.0,0.0,0.0,6.621734682714066,8.81689955643641,0.0,0.0,0.0,0.0,5.955201527204538,0.6931471805599453,0.0,1.791759469228055,0.9888764860699201,0.5714285714285714,0.11120847765353295,0,0,0,1,0,1,0,1,0,0,0,1,282,0.0,0.0
0.0,0.0,0.0,0.0,6.350413154289362,0.0,0.0,0.0,0.0,0.0,0.0010708554296057233,1.0986122886681098,1.0986122886681098,0.0,6.597759403544603e-05,0.2,0.0,0,0,0,1,1,1,1,0,0,0,1,0,283,,
0.0,0.0,0.0,0.0,7.826667998839547,0.0,0.0,0.0,0.0,0.0,7.409525094006733,0.6931471805599453,2.302585092994046,2.0794415416798357,0.9933048913280588,0.1,0.0,0,0,0,1,1,1,0,0,1,0,0,0,284,0.0,0.0
0.0,0.0,0.0,0.0,4.504749828629185,0.0,0.0,0.0,0.0,0.0,5.96523148527844,1.0986122886681098,0.6931471805599453,0.0,0.9835511570481075,0.3333333333333333,0.0,0,0,0,1,1,0,0,0,1,0,0,1,285,0.0,0.0
0.0,2.0,0.0,0.0,3.1543677796395677,0.0,8.924482681926328,0.0,0.0,0.0,0.0035650665915424205,0.0,0.0,0.0,0.0,0.0,0.0,0,0,0,0,1,0,0,0,0,0,0,0,286,,
0.0,0.0,0.0,0.0,7.427971742065587,0.0,0.0,0.0,0.0,0.0,6.296091306538142,0.0,3.044522437723423,1.3862943611198906,1.1475044166307393,0.20833333333333334,0.0,0,0,0,1,1,1,1,0,0,0,1,0,287,1.0,18.48678571
0.0,0.0,0.0,0.0,8.20602635512434,0.0,0.0,0.0,0.0,0.0,6.471189741716561,1.6094379124341003,1.6094379124341003,1.791759469228055,0.884421948257547,0.125,0.0,0,0,0,1,1,0,1,0,0,0,1,0,288,0.0,0.0
1.0,2.0,0.0,0.0,5.035797018750176,8.794572623461127,0.0,0.0,0.0,0.0,5.703077464194719,1.0986122886681098,0.0,1.0986122886681098,0.9236885185042673,0.6,0.023164223569062354,0,0,0,0,0,0,1,0,0,0,1,0,289,,
0.0,0.0,0.0,0.0,4.897701197808765,0.0,0.0,0.0,0.0,0.0,7.45251244691403,0.6931471805599453,2.5649493574615367,2.70805020110221,0.42353663153290805,0.32142857142857145,0.0,0,0,0,1,1,0,0,0,1,0,0,0,290,0.0,0.0
0.0,0.0,0.0,0.0,6.692431076720059,0.0,0.0,0.0,0.0,0.0,6.538195641891431,0.0,0.0,1.791759469228055,0.8938736987997942,0.5,0.0,0,0,0,1,1,0,0,0,1,0,0,0,291,0.0,0.0
0.0,0.0,0.0,0.0,7.379955377971099,0.0,0.0,0.0,0.0,0.0,7.587021745125874,0.6931471805599453,2.0794415416798357,1.791759469228055,0.8318165002305917,0.23076923076923078,0.0,0,0,0,1,1,1,1,0,0,0,0,0,292,1.0,0.64125
0.0,0.0,0.0,0.0,5.21917365956892,0.0,0.0,0.0,0.0,0.0,6.288788159734571,2.0794415416798357,1.0986122886681098,0.0,1.8291879865985206,0.7272727272727273,0.0,0,0,0,1,1,0,0,0,0,1,0,0,293,,
1.0,13.0,0.0,0.0,2.651958444769058,9.84349521516075,0.0,0.0,0.0,0.0,7.143198591550481,0.6931471805599453,0.0,1.791759469228055,1.0925045360546775,0.5714285714285714,0.0006998768856087268,0,0,0,0,1,0,0,1,0,0,1,0,294,1.0,10.09875
0.0,0.0,0.0,0.0,7.789656704661506,0.0,0.0,0.0,0.0,0.0,6.650797302756944,1.0986122886681098,0.0,0.6931471805599453,0.705112346521654,0.5,0.0,0,0,0,1,1,1,0,1,0,0,0,0,295,0.0,0.0
0.0,0.0,0.0,0.0,5.6422502237565775,0.0,0.0,0.0,0.0,0.0,0.0014275515632253602,0.0,0.0,0.0,0.00042105250524542936,1.0,0.0,0,0,0,1,1,1,0,0,0,0,0,0,296,,
0.0,0.0,0.0,0.0,6.810986321408722,0.0,0.0,0.0,0.0,0.0,7.078899121404181,0.0,2.0794415416798357,1.3862943611198906,1.5089523045634585,0.4166666666666667,0.0,0,0,0,1,0,1,0,0,1,1,0,0,297,0.0,0.0
2.0,3.0,1.0,0.0,2.982628941643088,4.286783416952546,0.0,0.0,0.0,0.0,7.829479650263802,0.6931471805599453,1.3862943611198906,2.3978952727983707,0.8881595184590662,0.5833333333333334,0.2612447100119992,0,0,0,0,0,1,0,1,0,0,0,1,298,0.0,0.0
0.0,8.0,0.0,0.0,4.9250255314770355,0.0,0.0,0.0,0.0,0.0,0.008888946992467265,0.0,0.0,0.0,0.0,0.0,0.0,0,0,0,0,1,0,1,0,0,0,1,0,299,,
0.0,0.0,0.0,0.0,0.0,0.0,0.0,0.0,0.0,0.0,0.01277519162976655,0.0,0.0,0.6931471805599453,0.0001515151531935517,0.5,0.0,0,0,0,1,1,0,0,0,0,1,0,0,300,0.0,0.0
0.0,0.0,1.0,0.0,7.116752962015809,0.0,0.0,6.229067343677129,0.0,0.0,1.5198257536506632,1.3862943611198906,0.0,0.0,0.7991940553580498,0.4166666666666667,0.0,0,0,0,1,1,1,1,0,0,1,0,0,301,,
1.0,1.0,0.0,0.0,4.4719775115349485,10.100934352281124,0.0,0.0,0.0,0.0,9.989601452705557,1.6094379124341003,1.791759469228055,1.0986122886681098,1.888666374118896,0.5,0.003551425300428713,0,0,0,0,1,1,0,1,0,0,0,0,302,0.0,0.0
0.0,0.0,1.0,0.0,8.017581950737808,0.0,0.0,5.533135362764363,0.0,5.631168257935147,7.89245311075923,1.3862943611198906,3.044522437723423,2.70805020110221,0.9233154711681493,0.417910447761194,0.0,0,0,0,1,0,1,1,0,0,1,0,0,303,0.0,0.0
0.0,0.0,0.0,1.0,7.21228709384188,0.0,0.0,0.0,8.932183976396447,0.0,6.3175565646462495,2.0794415416798357,0.6931471805599453,0.0,0.6774462681225866,0.21428571428571427,0.0,0,0,0,1,1,0,0,0,1,1,0,0,304,0.0,0.0
0.0,0.0,0.0,0.0,5.461560765879157,0.0,0.0,0.0,0.0,0.0,0.0,0.0,0.0,0.0,0.0,0.0,0.0,0,1,0,1,1,1,1,0,0,0,1,0,305,,
1.0,0.0,0.0,0.0,5.4181174142228965,6.8050064292872126,0.0,0.0,0.0,0.0,6.379876138580091,0.0,0.0,1.3862943611198906,1.3129731325376877,1.0,0.24901913391364638,0,0,0,1,1,0,0,1,0,1,0,0,306,0.0,0.0
2.0,3.0,0.0,0.0,6.92801683428808,9.10697892828629,9.391108937670129,0.0,0.0,0.0,0.00035707923961937285,0.0,0.0,0.0,0.0,0.0,0.1130605660149675,0,0,0,0,1,1,1,0,0,0,1,0,307,,
0.0,0.0,0.0,0.0,5.660949531060302,0.0,0.0,0.0,0.0,0.0,5.007781225113349,1.9459101490553132,0.6931471805599453,0.6931471805599453,0.49471161845691886,0.25,0.0,0,0,0,1,1,0,1,0,0,0,1,0,308,0.0,0.0
0.0,0.0,0.0,0.0,8.044901919029115,0.0,0.0,0.0,0.0,0.0,0.058268908123975775,0.0,0.0,0.0,0.01768421052557119,1.0,0.0,0,0,0,1,1,0,0,1,0,0,1,0,309,,
0.0,0.0,0.0,0.0,0.0,0.0,0.0,0.0,0.0,0.0,5.5344730346811,1.3862943611198906,1.9459101490553132,0.6931471805599453,0.5614030625154188,0.2727272727272727,0.0,0,0,0,1,1,0,1,0,0,0,1,0,310,1.0,56.13982143
0.0,3.0,0.0,0.0,8.662363772698132,0.0,10.021111099474862,0.0,0.0,0.0,7.0949533188815685,0.0,0.0,2.3978952727983707,1.6627295248949128,0.2727272727272727,0.0,0,0,0,0,1,1,0,0,0,0,0,1,311,,
0.0,0.0,0.0,0.0,5.728981347042933,0.0,0.0,0.0,0.0,0.0,6.653109542708369,0.6931471805599453,1.6094379124341003,2.302585092994046,1.1826656111914795,0.13333333333333333,0.0,0,0,0,1,0,0,0,0,1,1,0,0,312,,
0.0,0.0,0.0,0.0,0.0,0.0,0.0,0.0,0.0,0.0,0.002496880198587199,0.0,0.0,0.0,0.0,0.0,0.0,0,0,0,1,0,1,0,1,0,1,0,0,313,,
1.0,4.0,0.0,0.0,8.28122842344702,1.4610207644877453,13.479039721362081,0.0,0.0,0.0,6.706448349454899,0.0,0.0,1.9459101490553132,0.3704580768409088,0.375,1192.6334016099845,0,0,0,0,1,1,1,0,0,0,1,0,314,,
0.0,0.0,0.0,0.0,4.801864153922301,0.0,0.0,0.0,0.0,0.0,0.0,0.0,0.0,0.0,0.0,0.0,0.0,0,1,0,1,1,1,0,0,0,1,0,0,315,0.0,0.0
0.0,0.0,0.0,0.0,3.16689056186242,0.0,0.0,0.0,0.0,0.0,6.931321473011013,1.9459101490553132,0.6931471805599453,2.302585092994046,0.9961319468950374,0.2857142857142857,0.0,0,0,0,1,1,0,0,0,0,0,0,1,316,0.0,0.0
0.0,0.0,0.0,0.0,1.9979506131634643,0.0,0.0,0.0,0.0,0.0,6.56539272849362,0.0,0.0,0.0,0.0,0.0,0.0,0,0,0,1,1,1,1,0,0,1,0,0,317,0.0,0.0
0.0,0.0,0.0,0.0,8.566978166692213,0.0,0.0,0.0,0.0,0.0,0.002853069124856589,0.0,0.0,0.0,0.0,0.0,0.0,0,0,0,1,1,0,0,0,0,1,0,0,318,,
1.0,1.0,0.0,0.0,8.826046596853192,10.276207324431757,6.548026697864052,0.0,0.0,4.920275459820992,7.899402193414039,1.6094379124341003,2.772588722239781,2.4849066497880004,1.7199280694624717,0.375,0.23450622337418656,0,0,0,0,0,1,1,0,0,0,1,0,319,1.0,5.415
0.0,0.0,0.0,0.0,4.4708221334733524,0.0,0.0,0.0,0.0,0.0,0.007117467627020008,0.0,0.0,0.0,0.00799041135021514,1.0,0.0,0,0,0,1,1,1,1,0,0,0,1,0,320,0.0,0.0
1.0,0.0,0.0,0.0,5.122504581666908,7.898138789123159,0.0,0.0,0.0,0.0,7.625518065752905,1.6094379124341003,2.1972245773362196,3.2188758248682006,1.1947891676025688,0.13513513513513514,0.06196152713936105,0,0,0,1,0,0,1,0,0,1,0,0,321,0.0,0.0
1.0,0.0,0.0,0.0,7.68536768116079,11.764606645655915,0.0,0.0,0.0,0.0,3.386844875437755,0.0,0.0,0.0,0.031063094543783715,1.0,0.01691269430095865,0,0,0,1,1,0,0,0,0,1,0,0,322,0.0,0.0
0.0,0.0,0.0,0.0,8.228117195637916,0.0,0.0,0.0,0.0,0.0,6.646023100476218,2.0794415416798357,0.0,1.0986122886681098,0.9183846492246776,0.6,0.0,0,0,0,1,1,0,1,0,0,1,0,0,323,1.0,0.7625
0.0,1.0,0.0,0.0,9.357289313714546,0.0,12.220678503274243,0.0,0.0,0.0,6.486282732728156,1.0986122886681098,1.791759469228055,2.5649493574615367,0.5951890971039183,0.2,0.0,0,0,0,0,1,0,1,0,0,0,0,0,324,0.0,0.0
0.0,0.0,0.0,2.0,3.6864210775309503,0.0,0.0,0.0,8.572936676171537,0.0,7.308094893494311,0.0,0.0,2.6390573296152584,1.0177811459979662,0.4444444444444444,0.0,0,0,0,1,1,1,1,0,0,0,0,1,325,,
0.0,1.0,0.0,0.0,3.447603754476311,0.0,0.0,0.0,0.0,0.0,0.022599832056905748,0.0,0.0,1.0986122886681098,3.019152769015222e-05,0.3333333333333333,0.0,0,0,0,0,1,1,1,0,0,0,1,0,326,,
2.0,0.0,0.0,0.0,8.667820856307692,7.494335661062036,0.0,0.0,0.0,0.0,9.795876132715406,1.3862943611198906,1.3862943611198906,2.0794415416798357,0.972305861909814,0.4,3.2344843813827686,0,0,0,1,0,1,0,0,1,0,0,1,327,0.0,0.0
0.0,0.0,0.0,0.0,1.2281774930227534,0.0,0.0,0.0,0.0,0.0,7.250973333467879,0.0,0.0,0.0,717.0423635224789,2.0,0.0,0,0,0,1,1,0,1,0,0,0,0,0,328,0.0,0.0
1.0,0.0,0.0,0.0,0.0,8.966815434882408,0.0,0.0,0.0,0.0,5.2671215110006315,1.0986122886681098,0.0,0.6931471805599453,0.8814173709017502,1.0,0.0,0,0,0,1,1,0,0,0,0,0,1,0,329,,
0.0,1.0,0.0,0.0,5.942927788403673,0.0,0.0,0.0,0.0,0.0,9.835971498410256,0.0,0.0,1.3862943611198906,1.041493957155194,0.75,0.0,0,0,0,0,1,1,1,0,0,0,0,0,330,,
0.0,0.0,0.0,0.0,0.0,0.0,0.0,0.0,0.0,0.0,6.2854765432546325,2.6390573296152584,2.833213344056216,0.0,0.7346782045831676,0.05555555555555555,0.0,0,0,0,1,1,0,1,0,0,0,0,1,331,,
0.0,0.0,0.0,0.0,4.3984973869192885,0.0,0.0,0.0,0.0,0.0,4.554699861183947,0.0,1.0986122886681098,0.6931471805599453,0.317883967430188,0.5,0.0,0,0,0,1,1,1,0,0,1,0,0,0,332,,
0.0,0.0,0.0,0.0,4.589356520779479,0.0,0.0,0.0,0.0,0.0,6.06195879087132,1.0986122886681098,1.791759469228055,1.0986122886681098,1.0571960126772493,0.16666666666666666,0.0,0,0,0,1,1,1,1,0,0,0,0,1,333,,
0.0,0.0,0.0,0.0,10.065486132450538,0.0,0.0,0.0,0.0,0.0,0.0,0.0,0.0,0.0,0.0,0.0,0.0,0,1,0,1,1,0,0,1,0,0,0,1,334,0.0,0.0
0.0,0.0,0.0,0.0,5.068425651254994,0.0,0.0,0.0,0.0,0.0,6.0627971791192,1.0986122886681098,2.0794415416798357,1.791759469228055,0.5097579521261686,0.26666666666666666,0.0,0,0,0,1,1,1,0,1,0,0,1,0,335,0.0,0.0
1.0,0.0,1.0,0.0,3.394256683982824,6.898348675282565,0.0,6.278084448593353,0.0,0.0,6.104736630143464,1.6094379124341003,1.791759469228055,1.791759469228055,0.8981784789539922,0.48148148148148145,0.029093986434426747,0,0,0,1,0,1,0,0,1,0,0,1,336,,
1.0,0.0,0.0,0.0,5.246777801311994,8.186667836907104,0.0,0.0,0.0,6.774429579487046,7.1141353912971965,1.791759469228055,2.0794415416798357,1.9459101490553132,1.3375508975889674,0.34782608695652173,0.05260784544996377,0,0,0,1,0,0,0,1,0,0,1,0,337,0.0,0.0
0.0,0.0,0.0,0.0,7.544549771664832,0.0,0.0,0.0,0.0,0.0,6.412971133282599,0.0,1.0986122886681098,1.9459101490553132,0.6995144674968032,0.36363636363636365,0.0,0,0,0,1,1,0,1,0,0,0,0,1,338,,
0.0,0.0,0.0,0.0,6.198339334014794,0.0,0.0,0.0,0.0,0.0,5.829787700018098,1.6094379124341003,3.258096538021482,0.0,0.9685388654253764,0.06896551724137931,0.0,0,0,0,1,1,1,0,0,0,1,0,0,339,1.0,8.502857143
1.0,0.0,0.0,0.0,7.775295045798565,10.82061576942179,0.0,0.0,0.0,0.0,8.396078433256198,0.0,1.0986122886681098,0.0,84.12675034377892,1.0,0.04756201636030036,0,0,0,1,1,0,0,0,1,1,0,0,340,,
0.0,0.0,0.0,0.0,7.453183965367459,0.0,0.0,0.0,0.0,0.0,4.4254409804661385,0.0,0.0,1.3862943611198906,0.8426503828585922,0.75,0.0,0,0,0,1,1,0,0,1,0,0,0,1,341,0.0,0.0
0.0,5.0,0.0,1.0,8.600964455805743,0.0,9.159107226200721,0.0,9.583111770397895,0.0,7.176511707660249,1.3862943611198906,2.5649493574615367,1.3862943611198906,1.855829873461138,0.18181818181818182,0.0,0,0,0,0,1,0,1,0,0,0,0,1,342,,
0.0,0.0,0.0,0.0,8.222709948145582,0.0,0.0,0.0,0.0,0.0,5.6126105063979095,1.9459101490553132,1.6094379124341003,0.6931471805599453,1.3547785904935188,0.25,0.0,0,0,0,1,0,1,1,0,0,0,0,1,343,0.0,0.0
1.0,0.0,0.0,0.0,7.7303968079458,10.643048052664144,0.0,0.0,0.0,0.0,6.415453453884942,0.0,2.3978952727983707,2.302585092994046,4.103729848282155,0.2857142857142857,0.054308922630656814,0,0,0,1,0,1,1,0,0,1,0,0,344,0.0,0.0
0.0,0.0,0.0,0.0,9.320758224022763,0.0,0.0,0.0,0.0,0.0,7.65500738673306,0.6931471805599453,0.6931471805599453,1.0986122886681098,0.9966977668770182,0.5,0.0,0,0,0,1,0,1,0,1,0,0,1,0,345,,
0.0,0.0,0.0,0.0,5.520546214048236,0.0,0.0,0.0,0.0,6.1507748523596755,6.686451997582063,0.6931471805599453,1.9459101490553132,2.5649493574615367,0.41017623487878424,0.25,0.0,0,0,0,1,0,1,0,1,0,1,0,0,346,0.0,0.0
0.0,0.0,0.0,0.0,8.77106157774584,0.0,0.0,0.0,0.0,0.0,9.854120765976955,1.791759469228055,1.3862943611198906,2.4849066497880004,1.3723752642280733,0.3157894736842105,0.0,0,0,0,1,1,0,0,1,0,1,0,0,347,,
1.0,0.0,0.0,1.0,6.961641957639786,9.403320724774211,0.0,0.0,8.798333969726032,0.0,6.69989918745881,0.0,1.0986122886681098,2.6390573296152584,1.034810849521457,0.15789473684210525,0.08693936975921622,0,0,0,1,0,1,1,0,0,0,0,1,348,0.0,0.0
2.0,0.0,0.0,0.0,5.515148177176528,0.08781462546584475,0.0,0.0,0.0,0.0,0.022250608934819758,0.0,0.0,0.0,1.2260000003237819,2.0,2695.700397340702,0,0,0,1,1,1,0,0,1,0,0,0,349,1.0,65.70410714
0.0,0.0,0.0,0.0,0.0,0.0,0.0,0.0,0.0,0.0,7.417875511418151,1.6094379124341003,0.0,2.0794415416798357,1.0550597476211772,0.7777777777777778,0.0,0,0,0,1,0,0,0,0,0,0,0,1,350,,
1.0,0.0,0.0,0.0,8.473225704392343,8.66070969156644,0.0,0.0,0.0,0.0,0.02921200133636253,0.0,0.0,0.0,0.00032108317060458157,0.6666666666666666,0.8290127679153084,0,0,0,1,1,0,1,0,0,0,0,1,351,0.0,0.0
1.0,0.0,0.0,0.0,7.51443904911862,12.298513469029844,0.0,0.0,0.0,0.0,6.0258927159798175,0.6931471805599453,2.1972245773362196,1.6094379124341003,0.9941961539707481,0.2857142857142857,0.00835733931938963,0,0,0,1,1,1,1,0,0,0,0,1,352,,
1.0,1.0,0.0,0.0,6.894426848770804,7.271110609566673,10.571511777921613,0.0,0.0,0.0,7.8470661454395785,1.9459101490553132,3.5263605246161616,3.295836866004329,1.3402225650657058,0.22535211267605634,0.6859146258425407,0,0,0,0,1,1,0,1,0,0,1,0,353,,
1.0,1.0,0.0,0.0,5.919896615587239,10.20814051544915,0.0,0.0,0.0,0.0,7.348899580047299,1.6094379124341003,3.6375861597263857,1.0986122886681098,1.1543068430126975,0.20454545454545456,0.013692649535543408,0,0,0,0,1,1,1,0,0,1,0,0,354,,
0.0,0.0,0.0,0.0,5.167553569167675,0.0,0.0,0.0,0.0,0.0,0.0,0.0,0.0,0.0,0.0,0.0,0.0,0,1,0,1,1,1,1,0,0,0,0,0,355,,
0.0,0.0,0.0,0.0,5.789195352504331,0.0,0.0,0.0,0.0,0.0,5.8806377295183,2.3978952727983707,1.3862943611198906,1.3862943611198906,0.8202034705383077,0.1875,0.0,0,0,0,1,1,1,0,1,0,0,0,0,356,,
0.0,0.0,0.0,0.0,5.695069627803769,0.0,0.0,0.0,0.0,0.0,0.002853069124856589,0.0,0.0,0.0,8.167182627402875e-06,0.3333333333333333,0.0,0,0,0,1,1,1,0,0,0,0,0,0,357,,
0.0,0.0,0.0,0.0,0.21712547898864673,0.0,0.0,0.0,0.0,0.0,0.003209131225747237,0.0,0.0,0.0,0.0009473685052232686,1.0,0.0,0,0,0,1,1,0,1,0,0,0,0,1,358,,
1.0,0.0,0.0,0.0,6.2004323818447515,9.27990168213792,0.0,0.0,0.0,0.0,6.747503944663634,0.6931471805599453,0.6931471805599453,2.4849066497880004,1.0388760793358867,0.42857142857142855,0.04589465445898555,0,0,0,1,0,1,1,0,0,0,0,0,359,,
1.0,0.0,0.0,0.0,8.677990103402554,9.802920430743464,0.0,0.0,0.0,0.0,0.002853069124856589,0.0,0.0,0.0,0.0,0.0,0.3246377468402331,0,0,0,1,1,1,0,1,0,1,0,0,360,0.0,0.0
1.0,1.0,0.0,0.0,7.404437569877513,7.370014488724765,7.447334942808835,0.0,0.0,0.0,7.711233192531035,0.6931471805599453,1.791759469228055,2.3978952727983707,1.3114552360410656,0.5263157894736842,1.0350444856698833,0,0,0,0,1,1,0,0,1,0,0,1,361,0.0,0.0
1.0,0.0,0.0,0.0,6.520468054577057,8.142580777527721,0.0,0.0,0.0,0.0,7.372410703291849,1.6094379124341003,2.772588722239781,1.791759469228055,0.9597319072637954,0.45652173913043476,0.19724752625036082,0,0,0,1,0,0,0,1,0,0,1,0,362,,
0.0,0.0,0.0,0.0,8.877661929827479,0.0,0.0,0.0,0.0,0.0,6.095950037217592,0.0,1.6094379124341003,0.6931471805599453,0.9453295741184381,0.3333333333333333,0.0,0,0,0,1,1,1,1,0,0,1,0,0,363,0.0,0.0
0.0,0.0,0.0,0.0,6.429252202915377,0.0,0.0,0.0,0.0,0.0,6.8559073195332,1.6094379124341003,1.0986122886681098,1.3862943611198906,0.6512961056898756,0.4,0.0,0,0,0,1,1,1,1,0,0,1,0,0,364,,
0.0,0.0,0.0,0.0,7.88823817726999,0.0,0.0,0.0,0.0,0.0,0.0,1.0986122886681098,0.0,0.0,0.0,0.0,0.0,0,0,0,1,1,1,0,1,0,0,0,1,365,0.0,0.0
0.0,0.0,0.0,0.0,6.336884515790271,0.0,0.0,0.0,0.0,0.0,0.00035707923961937285,0.0,0.0,0.0,0.0,0.0,0.0,0,0,0,1,0,1,0,0,0,1,0,0,366,0.0,0.0
0.0,0.0,0.0,0.0,6.523023037569171,0.0,0.0,0.0,0.0,0.0,0.008888946992467265,0.0,0.0,0.6931471805599453,0.0007042253182305098,0.5,0.0,0,0,0,1,1,0,1,0,0,0,0,0,367,,
0.0,0.0,0.0,0.0,2.940144054959071,0.0,0.0,0.0,0.0,0.0,0.004987541511039074,0.0,0.0,0.0,0.0,0.0,0.0,0,0,0,1,1,1,0,0,1,0,0,0,368,,
0.0,0.0,0.0,1.0,5.951315689001402,0.0,0.0,0.0,6.910381826584017,0.0,6.926446995327536,0.0,0.0,1.6094379124341003,1.5812130203390748,0.5,0.0,0,0,0,1,1,1,0,1,0,0,0,0,369,,
0.0,0.0,0.0,0.0,5.913478873995753,0.0,0.0,0.0,0.0,0.0,0.0010708554296057233,0.0,0.0,0.0,0.0005454547637157026,1.0,0.0,0,0,0,1,1,1,0,0,1,0,0,0,370,0.0,0.0
0.0,0.0,0.0,0.0,5.309834715027124,0.0,0.0,0.0,0.0,4.197089159346558,7.706796368570369,0.6931471805599453,2.302585092994046,2.3978952727983707,1.9715555756424519,0.19047619047619047,0.0,0,0,0,1,0,1,0,1,0,1,0,0,371,0.0,0.0
2.0,0.0,0.0,0.0,9.975562585812057,8.837102122998617,0.0,0.0,0.0,0.0,5.190579026104246,1.3862943611198906,0.0,0.0,1.4903219072452287,0.5,3.1222665370375644,0,0,0,1,1,0,1,0,0,0,0,1,372,1.0,24.54589286
0.0,0.0,0.0,0.0,0.0,0.0,0.0,0.0,0.0,0.0,6.5346226887296295,2.5649493574615367,0.0,1.3862943611198906,1.017389948738894,0.09523809523809523,0.0,0,0,0,1,1,1,1,0,0,0,0,0,373,,
0.0,0.0,0.0,0.0,6.672604662632566,0.0,0.0,0.0,0.0,0.0,6.586223377654958,1.6094379124341003,2.1972245773362196,0.6931471805599453,0.9339342106688682,0.125,0.0,0,0,0,1,0,1,0,0,1,0,0,0,374,0.0,0.0
0.0,0.0,0.0,0.0,6.779338539277929,0.0,0.0,0.0,0.0,0.0,2.3385725628256706,0.0,0.0,0.0,0.8074429958525803,0.75,0.0,0,0,0,1,0,1,0,1,0,0,1,0,375,,
0.0,0.0,1.0,0.0,4.949185331780033,0.0,0.0,6.427549498561557,0.0,0.0,6.6214123095315855,0.0,0.0,2.0794415416798357,1.5546593762771101,0.75,0.0,0,0,0,1,0,1,0,1,0,1,0,0,376,0.0,0.0
0.0,0.0,0.0,0.0,6.417719773377463,0.0,0.0,0.0,0.0,0.0,0.0,0.0,0.0,0.0,0.0,0.0,0.0,0,1,0,1,1,1,1,0,0,0,0,1,377,0.0,0.0
1.0,0.0,0.0,0.0,8.2103798491534,9.685449939330768,0.0,0.0,0.0,0.0,7.850955815171682,0.0,0.6931471805599453,1.791759469228055,1.6489945587618131,0.375,0.22871473264252007,0,0,0,1,0,1,0,0,1,0,0,0,378,0.0,0.0
1.0,6.0,0.0,0.0,2.182634531362049,6.408824111039693,10.0525662075073,0.0,0.0,0.0,0.015943650818928623,0.0,0.0,0.0,1.9265454546802248,2.0,0.01298236848841237,0,0,0,0,1,1,0,0,1,0,1,0,379,,
0.0,0.0,0.0,0.0,7.939347493917509,0.0,0.0,0.0,0.0,0.0,5.9692892322134945,0.0,0.0,0.0,437.0547999300713,2.0,0.0,0,0,0,1,1,0,1,0,0,0,0,1,380,0.0,0.0
0.0,0.0,0.0,0.0,2.444797447178167,0.0,0.0,0.0,0.0,0.0,9.072622841920285,1.0986122886681098,0.6931471805599453,3.091042453358316,2.0563735484779753,0.25,0.0,0,0,0,1,1,1,0,0,1,0,0,0,381,,
1.0,0.0,0.0,0.0,4.513822146528786,10.738269811360677,0.0,0.0,0.0,0.0,0.00035707923961937285,0.6931471805599453,0.0,0.0,0.0117399999901216,2.0,0.0019587614213616524,0,0,0,1,1,1,1,0,0,0,1,0,382,,
0.0,0.0,0.0,2.0,6.54606779321986,0.0,0.0,0.0,5.869539014615806,3.71982425803261,7.70210724515302,1.0986122886681098,2.3978952727983707,2.5649493574615367,0.880502134946217,0.9032258064516129,0.0,0,0,0,1,0,0,1,0,0,0,0,0,383,,
0.0,0.0,0.0,0.0,7.7914719029784925,0.0,0.0,0.0,0.0,0.0,4.483006587485967,1.0986122886681098,1.791759469228055,0.6931471805599453,0.9893314165793394,0.25,0.0,0,0,0,1,1,1,0,0,0,0,0,1,384,0.0,0.0
3.0,2.0,0.0,0.0,7.907970449684536,10.783432380773451,9.09644232464538,0.0,0.0,0.0,6.863361810166735,1.6094379124341003,0.0,2.3978952727983707,0.8699148739885308,0.26666666666666666,0.056370514004112054,0,0,0,0,0,0,0,1,0,1,0,0,385,0.0,0.0
1.0,0.0,0.0,0.0,8.863888049538927,2.4631539076032096,0.0,0.0,0.0,0.0,6.497973366868232,1.0986122886681098,2.6390573296152584,1.6094379124341003,1.1571568419565943,0.23809523809523808,658.263490624037,0,0,0,1,1,1,0,1,0,0,0,0,386,,
0.0,1.0,0.0,0.0,6.19029637759834,0.0,8.401833645210543,0.0,0.0,0.0,6.196377206818091,0.6931471805599453,0.0,1.0986122886681098,0.9752669369709476,0.5,0.0,0,0,0,0,1,1,1,0,0,0,1,0,387,0.0,0.0
0.0,0.0,1.0,0.0,5.880931948983315,0.0,0.0,0.5389965005660203,0.0,0.0,8.103278845921166,0.0,0.0,2.6390573296152584,1.4627748808874246,0.48,0.0,0,0,0,1,1,0,1,0,0,1,0,0,388,0.0,0.0
1.0,28.0,0.0,0.0,3.2664271267264233,11.51931183959817,0.0,0.0,0.0,0.0,6.741804416663531,1.0986122886681098,0.0,0.6931471805599453,1.2664973645417026,0.6666666666666666,0.0002505721373952168,0,0,0,0,1,1,1,0,0,0,0,1,389,,
1.0,79.0,0.0,0.0,6.094350664616123,0.33340631720408637,8.607009280305034,0.0,0.0,0.0,7.516294749792021,1.0986122886681098,3.4011973816621555,1.9459101490553132,2.621119118217917,0.15789473684210525,1117.8420568824245,0,0,0,0,1,1,0,1,0,1,0,0,390,1.0,1.379821429
0.0,0.0,1.0,1.0,5.156646818393084,0.0,0.0,0.5389965005660203,8.432361929847064,0.0,6.3593897191919515,1.6094379124341003,0.0,1.9459101490553132,1.1252247167747214,0.3225806451612903,0.0,0,0,0,1,1,1,0,0,0,0,0,0,391,0.0,0.0
1.0,1.0,1.0,0.0,8.121581910296973,9.299639175060845,0.0,6.256764744810275,0.0,0.0,9.073485298725208,0.0,1.0986122886681098,2.833213344056216,1.929096676474436,0.631578947368421,0.3078129745735051,0,0,0,0,1,1,1,0,0,1,0,0,392,,
0.0,0.0,0.0,0.0,5.345228214956941,0.0,0.0,0.0,0.0,0.0,8.09764994978749,0.0,0.0,1.6094379124341003,0.8357003487511301,0.3333333333333333,0.0,0,0,0,1,1,1,0,1,0,0,0,1,393,0.0,0.0
0.0,0.0,0.0,1.0,8.235191052756429,0.0,0.0,0.0,7.847001505774932,0.0,7.278573976696919,0.0,2.9444389791664403,2.302585092994046,1.0097330079532045,0.5471698113207547,0.0,0,0,0,1,0,1,0,0,0,0,1,0,394,,
0.0,0.0,0.0,0.0,4.6420530039698615,0.0,0.0,0.0,0.0,0.0,5.948202822876462,1.6094379124341003,1.791759469228055,0.0,0.8905808001247549,0.4375,0.0,0,0,0,1,0,0,0,1,0,0,1,0,395,0.0,0.0
0.0,0.0,0.0,0.0,8.643117914118283,0.0,0.0,0.0,0.0,0.0,6.0627888652930295,0.6931471805599453,1.3862943611198906,1.0986122886681098,0.9278884369996994,0.3333333333333333,0.0,0,0,0,1,1,0,1,0,0,1,0,0,396,,
0.0,0.0,0.0,0.0,6.3388123784022286,0.0,0.0,0.0,0.0,0.0,2.955672637323129,0.6931471805599453,0.6931471805599453,0.6931471805599453,0.4586420864523715,0.6666666666666666,0.0,0,0,0,1,1,1,0,0,0,1,0,0,397,0.0,0.0
1.0,0.0,0.0,0.0,8.214456169381458,3.2027174063378974,0.0,0.0,0.0,0.0,0.005698021398728636,0.0,0.0,0.6931471805599453,0.2920512820396952,0.6666666666666666,156.48637977356816,0,0,0,1,1,0,0,1,0,0,0,0,398,1.0,0.970178571
0.0,0.0,0.0,0.0,6.115443428144696,0.0,0.0,0.0,0.0,0.0,0.003209131225747237,0.0,0.0,0.0,0.0036000003194239997,1.0,0.0,0,0,0,1,1,1,0,1,0,0,0,1,399,1.0,0.0875
0.0,0.0,0.0,0.0,5.999726749418176,0.0,0.0,0.0,0.0,0.0,6.0419607382806575,0.0,0.0,1.6094379124341003,0.15469573119372834,0.2857142857142857,0.0,0,0,0,1,1,0,0,0,1,0,0,0,400,,
0.0,0.0,1.0,0.0,7.2726235658277565,0.0,0.0,6.262152589157762,0.0,0.0,6.470588844753442,2.6390573296152584,1.6094379124341003,2.3978952727983707,0.2388136641097447,0.14634146341463414,0.0,0,0,0,1,1,0,1,0,0,0,0,0,401,,
0.0,0.0,0.0,0.0,8.119537864521607,0.0,0.0,0.0,0.0,0.0,9.095270331405777,1.791759469228055,2.9444389791664403,1.791759469228055,0.8362881370797263,0.10810810810810811,0.0,0,0,0,1,1,0,1,0,0,0,0,0,402,0.0,0.0
0.0,0.0,0.0,0.0,7.442302312166023,0.0,0.0,0.0,0.0,0.0,6.525973389221731,2.1972245773362196,2.302585092994046,1.6094379124341003,0.9929754098550484,0.36363636363636365,0.0,0,0,0,1,1,0,0,0,0,1,0,0,403,,
0.0,0.0,0.0,0.0,4.111722450087992,0.0,0.0,0.0,0.0,0.0,6.010502701632045,2.0794415416798357,0.0,1.0986122886681098,0.35261255957730697,0.16666666666666666,0.0,0,0,0,1,1,0,0,0,0,1,0,0,404,0.0,0.0
0.0,0.0,1.0,0.0,5.585678405223989,0.0,0.0,0.5389965005660203,0.0,0.0,7.754391338856254,0.6931471805599453,0.0,1.6094379124341003,1.2134233238868093,0.84,0.0,0,0,0,1,0,1,1,0,0,0,0,0,405,0.0,0.0
0.0,0.0,0.0,0.0,8.155469298386773,0.0,0.0,0.0,0.0,0.0,6.721706642407189,1.3862943611198906,0.6931471805599453,1.6094379124341003,1.6028254865716285,0.18181818181818182,0.0,0,0,0,1,1,0,1,0,0,0,0,0,406,,
0.0,0.0,0.0,0.0,8.559537797630759,0.0,0.0,0.0,0.0,0.0,6.665075252450141,0.6931471805599453,1.3862943611198906,2.70805020110221,1.1098557705142298,0.15789473684210525,0.0,0,0,0,1,1,1,1,0,0,0,0,0,407,0.0,0.0
1.0,0.0,0.0,0.0,8.327098012482072,0.0017841215082964072,0.0,0.0,0.0,0.0,9.44651758608339,1.0986122886681098,2.995732273553991,3.4657359027997265,0.772494760183747,0.5555555555555556,2314705.570432891,0,0,0,1,0,1,1,0,0,0,0,1,408,0.0,0.0
0.0,0.0,0.0,0.0,5.856225574827371,0.0,0.0,0.0,0.0,0.0,6.153114840613225,0.6931471805599453,0.6931471805599453,2.302585092994046,1.0087870319606334,0.25,0.0,0,0,0,1,0,1,1,0,0,1,0,0,409,,
1.0,1.0,0.0,0.0,5.0616225894708835,8.73752341768007,9.290883152131093,0.0,0.0,0.0,0.020852496578743687,0.0,0.0,0.0,1.3641999996145184,2.0,0.025170168152438232,0,0,0,0,1,1,0,0,0,0,0,0,410,,
0.0,4.0,1.0,1.0,10.524305255521336,0.0,0.0,1.2110902720522467,8.832579104644456,0.0,6.970095738964794,1.791759469228055,2.5649493574615367,2.5649493574615367,0.7009547770446796,0.14634146341463414,0.0,0,0,0,0,1,1,0,0,1,0,0,0,411,,
1.0,0.0,0.0,0.0,5.934605983190904,7.827061886926786,0.0,0.0,0.0,0.0,7.583394368991891,0.0,1.6094379124341003,1.9459101490553132,2.086656172709881,0.2727272727272727,0.15036241461844127,0,0,0,1,1,0,0,1,0,0,1,0,412,0.0,0.0
2.0,3.0,1.0,0.0,7.4202028724438165,9.934631730415044,0.0,1.2110902720522467,0.0,0.0,9.300405228182886,2.5649493574615367,2.833213344056216,3.258096538021482,1.6076105090494432,0.2463768115942029,0.08086456206127819,0,0,0,0,0,1,0,1,0,0,0,0,413,0.0,0.0
2.0,14.0,0.0,0.0,5.6436557942213765,6.572491312088972,9.232018096061413,0.0,0.0,0.0,6.720579387467325,0.0,0.0,1.6094379124341003,2.0811838254500308,1.0,0.3941662857284575,0,0,0,0,1,0,1,0,0,0,1,0,414,0.0,0.0
0.0,0.0,0.0,0.0,7.081191045481838,0.0,0.0,0.0,0.0,0.0,4.6834564070186895,1.0986122886681098,2.1972245773362196,0.0,3.9936235359960794,0.2,0.0,0,0,0,1,1,1,0,1,0,0,0,1,415,0.0,0.0
0.0,0.0,0.0,0.0,6.810722294541768,0.0,0.0,0.0,0.0,0.0,8.649138890042286,1.6094379124341003,3.091042453358316,0.0,30.768347147933355,0.2,0.0,0,0,0,1,1,0,1,0,0,1,0,0,416,1.0,10.36303571
0.0,0.0,0.0,0.0,6.434387712277886,0.0,0.0,0.0,0.0,5.4988062272974405,6.570291550935709,0.6931471805599453,2.1972245773362196,2.0794415416798357,0.8851184154074515,0.25,0.0,0,0,0,1,0,0,1,0,0,0,0,1,417,0.0,0.0
0.0,0.0,0.0,0.0,6.07917121813718,0.0,0.0,0.0,0.0,0.0,6.4435116006833475,1.9459101490553132,0.0,0.0,0.5799336016368435,0.2222222222222222,0.0,0,0,0,1,1,1,1,0,0,0,0,0,418,0.0,0.0
0.0,0.0,0.0,0.0,5.868681308151181,0.0,0.0,0.0,0.0,0.0,6.840957827474739,0.0,0.0,0.0,1.0014290968163984,0.7777777777777778,0.0,0,0,0,1,0,0,1,0,0,1,0,0,419,,
1.0,1.0,0.0,0.0,0.0,10.96515499339697,0.0,0.0,0.0,0.0,8.034821043709835,1.0986122886681098,0.0,1.3862943611198906,1.3659207714438988,0.8333333333333334,0.0,0,0,0,0,1,1,0,1,0,1,0,0,420,0.0,0.0
0.0,0.0,0.0,1.0,8.864332515537692,0.0,0.0,0.0,8.486943682149507,0.0,6.6071408959156415,1.791759469228055,2.8903717578961645,2.0794415416798357,0.9864666645740718,0.08108108108108109,0.0,0,0,0,1,1,1,1,0,0,0,1,0,421,0.0,0.0
1.0,1.0,0.0,0.0,6.2214765989743395,4.538026369266664,0.0,0.0,0.0,0.0,7.117858747985434,0.6931471805599453,0.0,2.0794415416798357,0.8395775603658628,0.5,5.431492913199805,0,0,0,0,1,0,1,0,0,0,0,1,422,0.0,0.0
0.0,0.0,0.0,0.0,2.6844403354630764,0.0,0.0,0.0,0.0,0.0,5.703631272892457,0.0,0.0,0.0,1.021595649529277,0.3333333333333333,0.0,0,0,0,1,1,0,0,1,0,0,1,0,423,,
1.0,1.0,0.0,0.0,9.754749240883704,9.810976626163615,7.583601514567623,0.0,0.0,0.0,10.899132372701445,0.6931471805599453,1.0986122886681098,3.091042453358316,1.8101196027474022,0.2,0.9453211597218814,0,0,0,0,1,0,1,0,0,0,0,0,424,0.0,0.0
0.0,0.0,0.0,0.0,7.1812216966108515,0.0,0.0,0.0,0.0,0.0,6.144230084425271,0.6931471805599453,0.0,1.6094379124341003,1.0662110496121044,0.5,0.0,0,0,0,1,1,1,0,0,1,0,1,0,425,0.0,0.0
0.0,0.0,0.0,0.0,6.247587534686772,0.0,0.0,0.0,0.0,0.0,7.679899125997525,1.791759469228055,0.0,1.9459101490553132,4.569302256455286,0.2,0.0,0,0,0,1,1,1,1,0,0,0,0,0,426,,
0.0,0.0,0.0,0.0,7.085954960005823,0.0,0.0,0.0,0.0,0.0,0.0042765564827652106,0.0,1.6094379124341003,0.0,0.00012867251982597705,0.2,0.0,0,0,0,1,1,1,0,0,0,0,0,0,427,,
0.0,0.0,0.0,0.0,8.237641501382356,0.0,0.0,0.0,0.0,0.0,6.330948824583451,1.3862943611198906,0.0,2.0794415416798357,0.45115588688949004,0.25,0.0,0,0,0,1,1,1,0,1,0,0,1,0,428,0.0,0.0
0.0,1.0,0.0,1.0,7.451445746047335,0.0,0.0,0.0,6.805188080600758,0.0,5.2762963162301215,0.0,0.6931471805599453,1.3862943611198906,1.1364421403132614,1.2,0.0,0,0,0,0,1,0,0,1,0,1,0,0,429,,
0.0,0.0,0.0,0.0,1.237545730540185,0.0,0.0,0.0,0.0,0.0,2.0971411187967806,0.6931471805599453,0.0,0.0,1.0,1.0,0.0,0,0,0,1,1,1,0,1,0,0,1,0,430,,
0.0,0.0,0.0,0.0,3.6775927843650527,0.0,0.0,0.0,0.0,0.0,0.00035707923961937285,0.0,0.0,0.0,0.00018181825457190082,1.0,0.0,0,0,0,1,1,1,0,0,0,0,0,1,431,,
1.0,1.0,0.0,0.0,2.4966822824107275,7.190055484634381,0.0,0.0,0.0,5.65568831826715,5.8809638592041384,0.0,2.70805020110221,1.3862943611198906,0.9562187543494663,0.3333333333333333,0.00840804259304313,0,0,0,0,0,1,0,1,0,0,0,0,432,,
0.0,0.0,0.0,0.0,4.750506623691777,0.0,0.0,0.0,0.0,0.0,6.572686057634539,0.0,0.0,2.5649493574615367,1.8281608775074283,0.15384615384615385,0.0,0,0,0,1,1,0,1,0,0,0,0,1,433,0.0,0.0
0.0,0.0,0.0,0.0,7.812314609065519,0.0,0.0,0.0,0.0,0.0,5.1602717182721936,1.6094379124341003,1.0986122886681098,0.6931471805599453,0.9954087390353297,0.375,0.0,0,0,0,1,1,1,0,1,0,0,1,0,434,0.0,0.0
0.0,0.0,0.0,0.0,0.0,0.0,0.0,0.0,0.0,0.0,6.346700956927475,1.6094379124341003,1.9459101490553132,2.6390573296152584,0.47432605038299075,0.08333333333333333,0.0,0,0,0,1,1,1,1,0,0,1,0,0,435,,
0.0,0.0,0.0,0.0,3.7281173375525,0.0,0.0,0.0,0.0,0.0,7.095657070598135,1.9459101490553132,1.0986122886681098,1.6094379124341003,1.060901891772987,0.35294117647058826,0.0,0,0,0,1,1,1,1,0,0,1,0,0,436,0.0,0.0
0.0,0.0,0.0,0.0,1.4878350906748516,0.0,0.0,0.0,0.0,0.0,7.550392880600917,0.0,0.0,0.0,560.1443158079938,12.0,0.0,0,0,0,1,1,0,1,0,0,1,0,0,437,1.0,54.33035714
0.0,0.0,0.0,0.0,9.012836197490584,0.0,0.0,0.0,0.0,0.0,6.286797854503835,1.6094379124341003,2.1972245773362196,1.0986122886681098,1.1159675166988836,0.17647058823529413,0.0,0,0,0,1,1,0,1,0,0,0,0,1,438,0.0,0.0
0.0,0.0,0.0,0.0,3.311455006161294,0.0,0.0,0.0,0.0,0.0,0.017348638334613004,0.0,0.0,0.0,0.019599999996864,1.0,0.0,0,0,0,1,1,0,0,0,1,0,1,0,439,,
0.0,0.0,0.0,0.0,8.720954748168714,0.0,0.0,0.0,0.0,0.0,8.216493807942784,0.0,1.0986122886681098,1.6094379124341003,1.1595255096480277,0.5,0.0,0,0,0,1,1,0,0,0,0,1,0,0,440,,
0.0,0.0,0.0,0.0,0.4510756193602167,0.0,0.0,0.0,0.0,0.0,5.920051018639924,1.0986122886681098,1.0986122886681098,1.3862943611198906,1.1933106146572894,0.625,0.0,0,0,0,1,1,1,0,1,0,0,0,0,441,0.0,0.0
0.0,0.0,0.0,0.0,6.988427348873411,0.0,0.0,0.0,0.0,4.539297441837384,6.440817801405394,1.3862943611198906,0.6931471805599453,1.9459101490553132,0.35977541928437995,0.14285714285714285,0.0,0,0,0,1,0,1,0,0,0,0,0,0,442,0.0,0.0
0.0,0.0,0.0,2.0,0.0,0.0,0.0,0.0,6.946684397702817,0.0,6.547014939653481,0.6931471805599453,0.0,2.0794415416798357,0.8352427436125824,0.2727272727272727,0.0,0,0,0,1,1,1,1,0,0,1,0,0,443,0.0,0.0
0.0,0.0,0.0,1.0,6.2046688675074195,0.0,0.0,0.0,6.413451345826915,0.0,4.777925296569073,0.0,0.0,0.0,1.7874001722982131,0.75,0.0,0,0,0,1,1,1,0,1,0,0,0,1,444,0.0,0.0
0.0,2.0,0.0,0.0,1.2708634676007646,0.0,0.0,0.0,0.0,0.0,0.14595391249962297,0.0,0.0,0.0,0.17599999981184,1.0,0.0,0,0,0,0,1,1,0,0,0,0,0,0,445,1.0,1.368392857
0.0,0.0,0.0,0.0,9.543794128996632,0.0,0.0,0.0,0.0,0.0,6.687020876960914,0.6931471805599453,0.0,1.0986122886681098,2.1244818114058357,0.5,0.0,0,0,0,1,1,0,1,0,0,0,0,1,446,0.0,0.0
0.0,0.0,0.0,0.0,7.7913058534666195,0.0,0.0,0.0,0.0,0.0,5.574057434007306,0.0,1.6094379124341003,1.0986122886681098,0.44700299395780924,0.5,0.0,0,0,0,1,1,0,1,0,0,0,0,1,447,0.0,0.0
1.0,5.0,0.0,0.0,3.7074821321019593,0.013480161979525656,8.003180470580956,0.0,0.0,0.0,7.3361372079604905,2.5649493574615367,0.0,2.302585092994046,1.11787478407872,0.18181818181818182,2929.026223399172,0,0,0,0,0,0,0,0,0,0,0,1,448,1.0,1.710892857
0.0,0.0,0.0,0.0,9.68723449279037,0.0,0.0,0.0,0.0,0.0,7.91769871380445,2.302585092994046,1.0986122886681098,2.1972245773362196,1.056667694125813,0.5454545454545454,0.0,0,0,0,1,0,1,0,0,0,0,0,0,449,0.0,0.0
0.0,0.0,0.0,0.0,1.3501118850265712,0.0,0.0,0.0,0.0,0.0,5.414198594914824,2.1972245773362196,1.0986122886681098,0.6931471805599453,0.47143111034555,0.26666666666666666,0.0,0,0,0,1,1,0,0,0,1,0,0,0,450,0.0,0.0
0.0,7.0,1.0,0.0,2.0411275601411694,0.0,6.289957391575259,2.644146399021207,0.0,0.0,0.007117467627020008,0.0,0.0,1.9459101490553132,0.014222732173807194,0.4166666666666667,0.0,0,0,0,0,1,1,0,1,0,0,0,1,451,0.0,0.0
0.0,0.0,0.0,0.0,8.406393944413212,0.0,0.0,0.0,0.0,0.0,0.018751654629594824,0.0,0.0,0.6931471805599453,0.00030096535378993603,0.5,0.0,0,0,0,1,1,0,0,0,1,0,0,0,452,0.0,0.0
1.0,3.0,0.0,0.0,6.407011990557659,10.166746595031874,7.509934303544081,0.0,0.0,0.0,7.603019324401842,0.6931471805599453,1.0986122886681098,1.9459101490553132,0.7501887764089838,0.4,0.023252386978880952,0,0,0,0,1,0,0,0,0,1,0,0,453,0.0,0.0
0.0,0.0,0.0,0.0,0.0,0.0,0.0,0.0,0.0,0.0,6.343946337051347,2.302585092994046,0.6931471805599453,0.0,0.8741536043457285,0.1111111111111111,0.0,0,0,0,1,1,1,0,0,1,0,1,0,454,,
2.0,0.0,1.0,0.0,10.42093661780478,6.979520968919067,0.0,6.275433036362247,0.0,0.0,7.428932072462585,0.0,3.2188758248682006,1.9459101490553132,1.1733266621985552,0.5106382978723404,31.259303030584014,0,0,0,1,1,0,1,0,0,0,0,0,455,0.0,0.0
0.0,4.0,0.0,0.0,0.0,0.0,11.368948519241094,0.0,0.0,0.0,7.577968803617521,0.6931471805599453,2.4849066497880004,2.1972245773362196,0.8225337892732569,0.25,0.0,0,0,0,0,1,1,0,0,1,0,0,0,456,,
0.0,0.0,0.0,0.0,6.060466585119587,0.0,0.0,0.0,0.0,0.0,7.603527404358002,1.0986122886681098,1.791759469228055,1.3862943611198906,1.0946373019981863,0.6296296296296297,0.0,0,0,0,1,0,0,0,0,1,0,0,0,457,0.0,0.0
0.0,0.0,0.0,0.0,7.464524980080574,0.0,0.0,0.0,0.0,0.0,2.548384340475116,1.0986122886681098,0.0,0.0,0.36668888887703904,1.0,0.0,0,0,0,1,1,0,1,0,0,0,1,0,458,,
0.0,0.0,0.0,0.0,2.3023707843315844,0.0,0.0,0.0,0.0,0.0,6.664367565409531,0.6931471805599453,0.0,2.6390573296152584,1.3433924457739788,0.11764705882352941,0.0,0,0,0,1,1,0,1,0,0,0,0,1,459,,
0.0,4.0,0.0,0.0,5.622993258358869,0.0,0.0,0.0,0.0,0.0,6.762178570685703,0.6931471805599453,1.6094379124341003,2.0794415416798357,0.7267666019128988,0.14285714285714285,0.0,0,0,0,0,1,0,0,0,0,0,1,0,460,,
1.0,0.0,0.0,0.0,2.0199379430866924,8.720824059658778,0.0,0.0,0.0,0.0,7.289474480798741,0.0,1.3862943611198906,2.5649493574615367,0.9203556612317434,0.2777777777777778,0.001066843024697931,0,0,0,1,1,0,0,0,0,1,0,0,461,0.0,0.0
0.0,0.0,0.0,0.0,6.347988229682291,0.0,0.0,0.0,0.0,4.65406918804399,6.748692554743612,1.3862943611198906,0.0,1.3862943611198906,1.0053479320349057,0.5,0.0,0,0,0,1,0,0,0,0,0,0,0,0,462,0.0,0.0
0.0,0.0,0.0,0.0,5.213620840767236,0.0,0.0,0.0,0.0,0.0,0.00035707923961937285,0.0,0.0,0.0,0.00018181825457190082,1.0,0.0,0,0,0,1,0,0,0,1,0,1,0,0,463,,
0.0,0.0,0.0,0.0,7.718707558510625,0.0,0.0,0.0,0.0,5.4735183945238,6.699910178703334,1.0986122886681098,1.3862943611198906,1.9459101490553132,1.4051834622954402,0.25,0.0,0,0,0,1,0,1,0,0,1,0,0,1,464,,
0.0,0.0,1.0,0.0,0.9964213479297903,0.0,0.0,0.7786693541948286,0.0,0.0,7.971427545916654,3.258096538021482,3.044522437723423,2.0794415416798357,1.000768927485158,0.08333333333333333,0.0,0,0,0,1,1,0,1,0,0,0,0,0,465,0.0,0.0
1.0,0.0,0.0,0.0,5.190573059694043,7.927359919201378,0.0,0.0,0.0,0.0,4.326976291408619,0.0,1.0986122886681098,0.0,5.2962531634843035,0.6666666666666666,0.06444066280022631,0,0,0,1,1,0,0,1,0,0,0,1,466,0.0,0.0
0.0,0.0,0.0,0.0,5.8765706374361875,0.0,0.0,0.0,0.0,0.0,5.411746493239207,0.0,0.0,1.0986122886681098,0.980934652658322,2.0,0.0,0,0,0,1,1,0,0,0,1,0,0,0,467,,
1.0,3.0,0.0,0.0,3.088994904013681,6.615410447947632,0.0,0.0,0.0,0.0,6.183122591276229,1.3862943611198906,0.0,1.3862943611198906,0.6782685282961826,0.375,0.028108234476851523,0,0,0,0,1,0,0,1,0,0,0,0,468,,
0.0,0.0,0.0,0.0,8.393135879565575,0.0,0.0,0.0,0.0,0.0,7.303176064013336,0.6931471805599453,0.0,2.0794415416798357,0.9574714447473266,0.38461538461538464,0.0,0,0,0,1,1,1,1,0,0,0,0,1,469,0.0,0.0
0.0,0.0,0.0,0.0,3.0730404766446564,0.0,0.0,0.0,0.0,0.0,6.199943235836564,0.0,2.1972245773362196,1.791759469228055,0.5280874354278863,0.25,0.0,0,0,0,1,1,0,0,0,1,0,1,0,470,0.0,0.0
0.0,0.0,0.0,0.0,7.562307336306617,0.0,0.0,0.0,0.0,0.0,6.142673915660006,2.0794415416798357,2.0794415416798357,0.0,1.470358238981252,0.21428571428571427,0.0,0,0,0,1,1,0,1,0,0,0,0,0,471,,
0.0,0.0,0.0,0.0,9.40063266703374,0.0,0.0,0.0,0.0,0.0,3.5008379985443154,1.0986122886681098,0.0,0.0,1.5000166667666657,1.0,0.0,0,0,0,1,1,1,0,1,0,1,0,0,472,0.0,0.0
0.0,0.0,0.0,1.0,8.752566058881158,0.0,0.0,0.0,0.0,0.0,6.977685710422368,1.6094379124341003,2.6390573296152584,0.0,1.1191768262429367,0.15,0.0,0,0,0,1,0,1,0,1,0,1,0,0,473,,
0.0,0.0,0.0,0.0,3.639567278645311,0.0,0.0,0.0,0.0,0.0,6.585047870956364,1.791759469228055,0.0,1.3862943611198906,0.9491960812609119,0.16666666666666666,0.0,0,0,0,1,0,0,0,0,0,1,0,0,474,,
1.0,1.0,0.0,0.0,9.151645846131833,8.185281041855948,0.0,0.0,0.0,0.0,7.472342972201165,1.0986122886681098,1.9459101490553132,2.70805020110221,1.3011826111731297,0.21739130434782608,2.6288264199947067,0,0,0,0,1,0,0,0,1,0,1,0,475,0.0,0.0
0.0,1.0,0.0,0.0,7.448261472721312,0.0,0.0,0.0,0.0,0.0,4.822013935153773,0.6931471805599453,2.4849066497880004,1.3862943611198906,0.6007808363376917,0.25,0.0,0,0,0,0,0,1,1,0,0,0,0,0,476,,
2.0,0.0,0.0,0.0,8.597913823093515,8.902999224820055,0.0,0.0,0.0,0.0,4.0949515208187925,0.0,0.0,1.0986122886681098,0.6541432528531855,1.0,0.737024665959102,0,0,0,1,1,1,1,0,0,0,0,1,477,1.0,22.09821429
0.0,0.0,0.0,0.0,10.421511757930102,0.0,0.0,0.0,0.0,0.0,3.048087503887919,0.0,0.0,1.791759469228055,0.0811111111111111,0.6,0.0,0,0,0,1,0,1,1,0,0,0,0,0,478,0.0,0.0
1.0,1.0,1.0,0.0,4.3282019434769206,8.378636129990412,0.0,6.4439041130992445,0.0,0.0,6.787936780350802,1.0986122886681098,2.302585092994046,2.302585092994046,2.1118139196569765,0.375,0.01718903739510328,0,0,0,0,0,1,1,0,0,1,0,0,479,0.0,0.0
0.0,0.0,0.0,0.0,6.769416020557071,0.0,0.0,0.0,0.0,0.0,5.880931948983315,0.0,0.0,0.6931471805599453,0.9905894005352912,0.5,0.0,0,0,0,1,1,1,1,0,0,1,0,0,480,0.0,0.0
1.0,0.0,1.0,0.0,4.240226455811543,5.540240613122195,0.0,0.0,0.0,0.0,7.603181111441828,0.0,1.6094379124341003,2.772588722239781,1.4845983036340455,0.391304347826087,0.2696609287018261,0,0,0,1,1,0,1,0,0,0,0,0,481,0.0,0.0
0.0,0.0,0.0,0.0,3.1534988569723628,0.0,0.0,0.0,0.0,0.0,7.06072372939437,0.6931471805599453,2.4849066497880004,1.6094379124341003,2.352267118330392,0.25,0.0,0,0,0,1,1,0,0,1,0,0,0,0,482,0.0,0.0
0.0,4.0,0.0,0.0,7.205066290794888,0.0,0.0,0.0,0.0,2.2893912934496234,6.908835766045697,0.6931471805599453,1.0986122886681098,0.6931471805599453,1.23757093305284,0.2857142857142857,0.0,0,0,0,0,0,0,0,1,0,0,0,1,483,0.0,0.0
0.0,0.0,0.0,0.0,5.375075013852894,0.0,0.0,0.0,0.0,0.0,6.635437427283876,0.6931471805599453,2.772588722239781,2.4849066497880004,1.3154502780559716,0.3103448275862069,0.0,0,0,0,1,1,0,0,0,1,1,0,0,484,,
0.0,0.0,0.0,0.0,7.467088373820774,0.0,0.0,0.0,0.0,0.0,6.349896072378985,0.0,0.0,0.0,1.0137250926340178,0.6666666666666666,0.0,0,0,0,1,1,1,0,0,0,0,0,1,485,,
0.0,0.0,0.0,0.0,7.504679434571356,0.0,0.0,0.0,0.0,0.0,0.06331008848554642,0.0,0.0,0.0,0.011806451638100313,1.0,0.0,0,0,0,1,1,1,1,0,0,0,0,1,486,0.0,0.0
0.0,0.0,0.0,1.0,8.254306862236676,0.0,0.0,0.0,8.17222627708576,3.767030263352624,5.3902940742299075,0.0,0.0,0.0,1.1195352529172726,0.7777777777777778,0.0,0,0,0,1,0,1,1,0,0,1,0,0,487,,
2.0,0.0,0.0,0.0,3.10253460624391,8.565787213874952,0.0,0.0,0.0,0.0,6.763839955358059,1.6094379124341003,2.1972245773362196,2.1972245773362196,1.245045833324348,0.18181818181818182,0.004050001098357957,0,0,0,1,0,0,0,1,0,0,0,0,488,,
1.0,0.0,0.0,0.0,8.521782288185578,9.4408555428167,0.0,0.0,0.0,0.0,0.00035707923961937285,1.3862943611198906,1.0986122886681098,0.0,1.678555937837061e-05,0.4,0.398840798430291,0,0,0,1,1,1,0,0,1,0,1,0,489,0.0,0.0
0.0,0.0,0.0,0.0,6.693893076015061,0.0,0.0,0.0,0.0,0.0,0.04810966029823325,0.0,1.0986122886681098,1.0986122886681098,0.00018487755103237352,0.2,0.0,0,0,0,1,1,1,0,0,0,0,0,1,490,,
0.0,0.0,1.0,2.0,5.230590912280461,0.0,0.0,0.0,9.117798770389863,0.0,8.23023495213401,0.0,1.9459101490553132,3.5263605246161616,1.0444011082247493,0.65625,0.0,0,0,0,1,0,1,0,1,0,0,0,0,491,0.0,0.0
0.0,0.0,1.0,0.0,9.087927025783301,0.0,0.0,0.38136755633398195,0.0,0.0,6.197036765592,2.4849066497880004,0.0,1.9459101490553132,0.4680603495505745,0.23529411764705882,0.0,0,0,0,1,1,0,0,0,0,0,1,0,492,0.0,0.0
0.0,0.0,0.0,0.0,7.67904484613333,0.0,0.0,0.0,0.0,0.0,7.673175943729803,2.1972245773362196,2.9444389791664403,2.9444389791664403,0.9944906614841865,0.23076923076923078,0.0,0,0,0,1,1,1,0,1,0,1,0,0,493,0.0,0.0
0.0,0.0,0.0,1.0,6.574644884990084,0.0,0.0,0.0,8.181000915482374,0.0,7.302257176781216,1.3862943611198906,0.0,2.302585092994046,1.0630432964628775,0.21052631578947367,0.0,0,0,0,1,1,0,0,1,0,0,1,0,494,1.0,4.361785714
0.0,5.0,1.0,0.0,2.255530921132637,0.0,8.805221668213104,6.4654840972069305,0.0,0.0,8.184064558716148,2.3978952727983707,2.4849066497880004,3.1780538303479458,0.4315706373209824,0.21052631578947367,0.0,0,0,0,0,1,0,0,0,0,0,1,0,495,0.0,0.0
0.0,0.0,0.0,0.0,0.0,0.0,0.0,0.0,0.0,0.0,8.911236894353129,2.8903717578961645,2.772588722239781,2.6390573296152584,0.8242531817729701,0.06349206349206349,0.0,0,0,0,1,1,1,1,0,0,0,1,0,496,,
0.0,0.0,0.0,0.0,6.836593347570339,0.0,0.0,0.0,0.0,0.0,0.0017841215082964072,0.0,0.0,0.0,0.0,0.0,0.0,0,0,0,1,1,1,1,0,0,0,0,1,497,0.0,0.0
0.0,0.0,0.0,0.0,6.785560606676295,0.0,0.0,0.0,0.0,0.0,6.800446040352041,1.6094379124341003,0.6931471805599453,0.6931471805599453,0.9944165610513868,0.3333333333333333,0.0,0,0,0,1,1,0,0,0,0,0,0,1,498,,
0.0,0.0,0.0,0.0,6.857184280097426,0.0,0.0,0.0,0.0,4.594221178065944,6.187679469865338,0.6931471805599453,3.4965075614664802,1.3862943611198906,0.6657686967280327,0.13513513513513514,0.0,0,0,0,1,0,0,0,1,0,0,0,1,499,1.0,0.570178571
1.0,3.0,0.0,0.0,7.074674904298358,9.300311813316128,10.480907042395389,0.0,0.0,0.0,6.81572927183421,0.6931471805599453,0.0,2.302585092994046,1.0938628701113815,0.2727272727272727,0.10791707886708764,0,0,0,0,1,1,1,0,0,0,1,0,500,1.0,5.881964286
2.0,1.0,0.0,0.0,6.134649196853492,8.544282163807408,0.0,0.0,0.0,0.0,5.866777600237954,0.0,0.0,1.0986122886681098,2.185340634901613,1.0,0.08967106579008577,0,0,0,0,1,0,0,1,0,0,0,0,501,0.0,0.0
0.0,0.0,0.0,0.0,6.858010784584437,0.0,0.0,0.0,0.0,0.0,6.910451284491121,1.0986122886681098,2.5649493574615367,2.4849066497880004,0.8107927126384866,0.34285714285714286,0.0,0,0,0,1,0,0,0,0,1,0,0,1,502,1.0,6.042321429
0.0,0.0,0.0,0.0,7.07051592926309,0.0,0.0,0.0,0.0,0.0,6.649591786085956,1.6094379124341003,0.0,1.6094379124341003,1.14479463682091,0.2727272727272727,0.0,0,0,0,1,1,0,1,0,0,1,0,0,503,0.0,0.0
0.0,0.0,0.0,0.0,3.08876713952118,0.0,0.0,0.0,0.0,0.0,7.0035039989772905,1.9459101490553132,2.4849066497880004,2.0794415416798357,0.19294764081111646,0.06896551724137931,0.0,0,0,0,1,1,1,0,0,0,1,0,0,504,,
2.0,0.0,0.0,0.0,9.11374285672103,1.6452875653277976,0.0,0.0,0.0,0.0,0.0042765564827652106,0.0,0.0,0.0,0.668727273042724,2.0,2170.5232686192467,0,0,0,1,1,1,1,0,0,0,0,1,505,,
1.0,0.0,0.0,0.0,7.250168252998645,3.0109375142408674,0.0,0.0,0.0,5.829848571295389,10.751826844873348,0.6931471805599453,2.302585092994046,2.4849066497880004,10.097595457291451,0.8695652173913043,72.89498318642161,0,0,0,1,0,0,0,0,0,1,0,0,506,,
1.0,3.0,1.0,0.0,5.98249047177728,8.406471504996656,0.0,0.5389965005660203,0.0,0.0,7.223909225075737,0.6931471805599453,1.9459101490553132,1.3862943611198906,1.3254684966961454,0.5,0.08836464660807915,0,0,0,0,1,1,0,1,0,0,1,0,507,1.0,1.798035714
0.0,0.0,0.0,0.0,7.193117609662268,0.0,0.0,0.0,0.0,0.0,7.402855620256628,0.0,0.6931471805599453,0.6931471805599453,1.262145979132685,0.5,0.0,0,0,0,1,1,0,0,1,0,0,0,0,508,0.0,0.0
0.0,0.0,0.0,0.0,8.813338633950695,0.0,0.0,0.0,0.0,0.0,7.119899414714177,1.3862943611198906,2.1972245773362196,2.6390573296152584,1.3657153005634866,0.14814814814814814,0.0,0,0,0,1,0,1,0,0,0,0,0,1,509,0.0,0.0
1.0,0.0,0.0,0.0,7.075706213739617,8.602381604165776,0.0,0.0,0.0,0.0,0.00035707923961937285,0.0,0.0,0.0,0.0,0.0,0.2171129707073079,0,0,0,1,1,0,0,1,0,0,0,1,510,1.0,35.51571429
0.0,0.0,0.0,1.0,5.417050744264098,0.0,0.0,0.0,6.82009083166122,0.0,7.089652043064442,1.6094379124341003,2.302585092994046,2.5649493574615367,1.1999341360334361,0.13333333333333333,0.0,0,0,0,1,0,1,1,0,0,0,1,0,511,,
0.0,0.0,0.0,0.0,6.717140715750689,0.0,0.0,0.0,0.0,0.0,6.111152909365169,1.791759469228055,2.772588722239781,1.0986122886681098,0.7872617157570838,0.16,0.0,0,0,0,1,1,1,1,0,0,0,0,1,512,1.0,0.743035714
0.0,0.0,0.0,0.0,3.417258189952921,0.0,0.0,0.0,0.0,0.0,4.6834564070186895,0.0,0.6931471805599453,1.0986122886681098,0.7898899687162603,0.5,0.0,0,0,0,1,1,1,1,0,0,0,0,1,513,,
0.0,0.0,0.0,0.0,3.335426355168472,0.0,0.0,0.0,0.0,0.0,0.0,0.0,0.0,0.0,0.0,0.0,0.0,0,1,0,1,1,1,0,0,1,0,1,0,514,0.0,0.0
2.0,0.0,0.0,0.0,6.864488706623106,9.293094554124204,0.0,0.0,0.0,0.0,0.06899287108695144,0.0,0.0,0.0,4.964028776025458,4.0,0.08807570525829292,0,0,0,1,1,0,0,1,0,0,1,0,515,0.0,0.0
1.0,0.0,0.0,0.0,4.563160730777874,8.479903640879508,0.0,0.0,0.0,0.0,5.6937357462036005,2.5649493574615367,2.3978952727983707,0.0,1.070175801054437,0.13793103448275862,0.019702315800930965,0,0,0,1,1,0,0,1,0,0,0,1,516,,
0.0,0.0,0.0,0.0,2.893205042019984,0.0,0.0,0.0,0.0,0.0,6.347665628716692,1.0986122886681098,2.3978952727983707,1.3862943611198906,1.0219779655710812,0.11764705882352941,0.0,0,0,0,1,1,0,1,0,0,0,0,0,517,,
0.0,0.0,0.0,0.0,7.441737772396069,0.0,0.0,0.0,0.0,0.0,6.285469889111164,1.0986122886681098,2.0794415416798357,1.0986122886681098,0.9628878818595957,0.21428571428571427,0.0,0,0,0,1,1,0,0,1,0,0,1,0,518,0.0,0.0
0.0,0.0,0.0,0.0,5.355853189521309,0.0,0.0,0.0,0.0,0.0,6.131162046319768,1.3862943611198906,1.0986122886681098,1.3862943611198906,0.9431227656203424,0.2,0.0,0,0,0,1,1,1,0,0,0,0,1,0,519,0.0,0.0
1.0,0.0,0.0,0.0,7.245752373131239,8.237481745224372,0.0,0.0,0.0,0.0,9.177249464501756,1.0986122886681098,1.0986122886681098,0.6931471805599453,0.9374253113954868,1.625,0.37076818895120334,0,0,0,1,1,1,0,1,0,0,0,0,520,0.0,0.0
0.0,0.0,0.0,0.0,4.397807705950652,0.0,0.0,0.0,0.0,0.0,7.334389727067901,1.6094379124341003,3.332204510175204,2.302585092994046,1.072051523568144,0.075,0.0,0,0,0,1,0,1,0,0,0,0,1,0,521,,
0.0,0.0,0.0,0.0,0.824488677236706,0.0,0.0,0.0,0.0,0.0,0.0,0.0,0.0,0.0,0.0,0.0,0.0,0,1,0,1,1,0,0,1,0,0,1,0,522,,
0.0,0.0,0.0,0.0,8.859768551746042,0.0,0.0,0.0,0.0,0.0,4.8914253481374095,1.791759469228055,1.6094379124341003,1.0986122886681098,0.8073160086908907,0.2727272727272727,0.0,0,0,0,1,1,0,1,0,0,0,0,0,523,,
0.0,9.0,0.0,0.0,4.070935797691841,0.0,8.181000915482374,0.0,0.0,0.0,5.9821868202909965,0.0,0.0,0.0,0.31547869464796435,1.0,0.0,0,0,0,0,1,1,0,0,0,0,0,1,524,,
1.0,4.0,0.0,0.0,0.32801823489474213,8.255046767579753,10.369906931336253,0.0,0.0,0.0,6.094065455073688,0.6931471805599453,0.0,1.6094379124341003,0.502394634470702,0.6666666666666666,0.00010093996753013346,0,0,0,0,1,1,1,0,0,1,0,0,525,1.0,5.942857143
0.0,0.0,0.0,1.0,5.474267478309311,0.0,0.0,0.0,8.874008125575882,0.0,5.886602915042595,0.0,0.0,1.3862943611198906,1.3989630503654567,0.6666666666666666,0.0,0,0,0,1,1,1,0,0,1,0,0,0,526,0.0,0.0
0.0,0.0,0.0,0.0,7.485071646683124,0.0,0.0,0.0,0.0,0.0,6.520099215686828,2.5649493574615367,1.3862943611198906,0.0,0.8764980875986805,0.08,0.0,0,0,0,1,1,0,0,0,0,0,0,0,527,1.0,0.656607143
0.0,0.0,0.0,0.0,0.0,0.0,0.0,0.0,0.0,0.0,6.079205568654769,1.6094379124341003,1.3862943611198906,1.0986122886681098,1.1169720864844117,0.2,0.0,0,0,0,1,0,0,0,0,0,1,0,0,528,,
1.0,0.0,0.0,0.0,7.608586256419885,10.496384293453788,0.0,0.0,0.0,0.0,6.306636274886219,0.0,0.0,1.3862943611198906,1.6640488068692387,1.0,0.0556726265931318,0,0,0,1,1,0,1,0,0,1,0,0,529,1.0,0.976964286
2.0,2.0,0.0,0.0,5.858175982141294,9.391154393843497,10.260197495812376,0.0,0.0,0.0,0.010657294756673529,0.0,0.0,0.0,0.0,0.0,0.02913673628328012,0,0,0,0,1,1,1,0,0,0,0,1,530,,
0.0,0.0,0.0,0.0,5.826007481984527,0.0,0.0,0.0,0.0,0.0,0.0021405643565592823,0.6931471805599453,2.302585092994046,0.0,1.9843893369513972e-05,0.1,0.0,0,0,0,1,1,1,1,0,0,0,0,1,531,,
3.0,0.0,0.0,0.0,7.728441244745682,9.704233504210967,0.0,0.0,0.0,0.0,9.279426705495423,0.0,0.0,1.6094379124341003,0.4994136543042965,0.5,0.13859885415697074,0,0,0,1,1,1,0,1,0,0,1,0,532,,
0.0,0.0,0.0,0.0,3.9318256327243257,0.0,0.0,0.0,0.0,0.0,2.0972726890182303,0.6931471805599453,0.6931471805599453,0.0,0.8265702478706352,0.6666666666666666,0.0,0,0,0,1,1,0,0,1,0,0,0,0,533,1.0,0.447321429
0.0,0.0,0.0,0.0,0.0,0.0,0.0,0.0,0.0,0.0,7.709277569790198,0.0,1.6094379124341003,2.995732273553991,1.0542539030635385,0.7083333333333334,0.0,0,0,0,1,1,0,1,0,0,1,0,0,534,0.0,0.0
1.0,0.0,0.0,0.0,2.3642847669465623,11.560268177324625,0.0,0.0,0.0,0.0,7.557346634635574,1.0986122886681098,0.0,2.0794415416798357,0.5992741071875,0.8,9.19093236102248e-05,0,0,0,1,1,1,1,0,0,0,1,0,535,,
0.0,0.0,0.0,0.0,6.499551782007265,0.0,0.0,0.0,0.0,0.0,5.1286447592266615,0.0,0.0,0.6931471805599453,0.9038226243717944,1.5,0.0,0,0,0,1,1,1,1,0,0,0,0,0,536,0.0,0.0
0.0,1.0,0.0,0.0,6.703747553534772,0.0,0.0,0.0,0.0,0.0,6.663326528672745,0.0,0.0,2.0794415416798357,2.9287767080123195,0.625,0.0,0,0,0,0,1,1,0,0,1,1,0,0,537,0.0,0.0
1.0,0.0,0.0,0.0,1.66264009806891,8.27235766851343,0.0,0.0,0.0,0.0,7.45406662777833,1.3862943611198906,1.6094379124341003,2.302585092994046,1.2926389500074957,0.3333333333333333,0.0010920093391202912,0,0,0,1,1,0,0,1,0,0,1,0,538,,
0.0,0.0,0.0,0.0,3.5260978851294307,0.0,0.0,0.0,0.0,0.0,6.253005670772633,1.0986122886681098,1.791759469228055,0.0,1.4584190437960292,0.21428571428571427,0.0,0,0,0,1,1,1,0,0,0,0,0,0,539,,
1.0,0.0,0.0,0.0,8.009118660920487,8.48542148814027,0.0,0.0,0.0,0.0,0.014184634710266292,0.6931471805599453,0.0,0.0,0.15341333334542437,3.0,0.620997127683432,0,0,0,1,1,1,1,0,0,0,1,0,540,,
0.0,0.0,0.0,0.0,1.7753154810736302,0.0,0.0,0.0,0.0,0.0,0.00035707923961937285,0.0,0.0,0.0,0.00018181825457190082,1.0,0.0,0,0,0,1,1,0,0,0,1,0,0,1,541,,
0.0,0.0,0.0,0.0,7.3304978871043085,0.0,0.0,0.0,0.0,0.0,5.190583003876897,1.6094379124341003,2.70805020110221,1.0986122886681098,0.818235672546552,0.1,0.0,0,0,0,1,0,1,0,0,0,0,0,0,542,0.0,0.0
0.0,3.0,0.0,0.0,1.3604269516195322,0.0,13.008487650465332,0.0,0.0,0.0,0.00071403101916737,0.0,0.0,0.0,0.00036363650914380164,1.0,0.0,0,0,0,0,1,0,0,0,1,1,0,0,543,,
0.0,64.0,0.0,0.0,8.478300807125136,0.0,10.404003596847899,0.0,0.0,0.0,7.1125122572978645,0.6931471805599453,2.772588722239781,1.9459101490553132,1.5233009341847001,0.20833333333333334,0.0,0,0,0,0,1,1,0,0,0,0,1,0,544,1.0,0.059821429
1.0,0.0,0.0,0.0,8.256621341154212,10.519941730204485,0.0,0.0,0.0,0.0,7.8130737495540314,1.3862943611198906,1.791759469228055,2.5649493574615367,1.128506437657124,0.6086956521739131,0.10398038909700218,0,0,0,1,1,1,0,0,0,0,1,0,545,,
0.0,0.0,0.0,0.0,6.931800295586021,0.0,0.0,0.0,0.0,0.0,6.795550761593534,1.9459101490553132,3.332204510175204,0.0,1.580936276609401,0.08823529411764706,0.0,0,0,0,1,1,0,0,1,0,1,0,0,546,0.0,0.0
1.0,1.0,0.0,0.0,8.400163666474338,7.134620467605077,10.404428324634143,0.0,0.0,0.0,6.267795383736037,0.0,1.0986122886681098,2.1972245773362196,1.6225535736613108,0.2727272727272727,3.5470479319813797,0,0,0,0,1,0,0,1,0,0,0,0,547,1.0,2.142321429
0.0,0.0,0.0,0.0,7.887635778444515,0.0,0.0,0.0,0.0,0.0,6.529472538572163,0.0,0.0,0.6931471805599453,1.014316278836333,0.6666666666666666,0.0,0,0,0,1,1,0,0,1,0,0,0,0,548,0.0,0.0
0.0,0.0,0.0,0.0,5.26670322124531,0.0,0.0,0.0,0.0,0.0,0.007117467627020008,2.302585092994046,0.6931471805599453,0.0,1.604235148792813e-05,0.06666666666666667,0.0,0,0,0,1,1,1,1,0,0,1,0,0,549,0.0,0.0
0.0,0.0,0.0,0.0,4.070740791103645,0.0,0.0,0.0,0.0,5.262764205336587,6.788534871564229,0.0,0.0,2.0794415416798357,0.9895106484219415,0.2222222222222222,0.0,0,0,0,1,0,0,0,1,0,0,0,1,550,0.0,0.0
0.0,0.0,1.0,1.0,6.764440676265851,0.0,0.0,0.6567795366112927,6.44034998537674,0.0,6.776752930541964,0.6931471805599453,2.6390573296152584,2.3978952727983707,1.0422193620068891,0.2777777777777778,0.0,0,0,0,1,1,0,0,0,0,0,0,0,551,0.0,0.0
0.0,0.0,0.0,0.0,6.595763437312774,0.0,0.0,0.0,0.0,0.0,6.062794685025165,2.0794415416798357,2.6390573296152584,0.6931471805599453,1.0408414799973287,0.08,0.0,0,0,0,1,1,1,1,0,0,0,1,0,552,0.0,0.0
0.0,0.0,0.0,0.0,8.094090705167133,0.0,0.0,0.0,0.0,0.0,6.046618771428952,0.6931471805599453,0.0,1.6094379124341003,0.9128715015873122,0.3333333333333333,0.0,0,0,0,1,1,1,1,0,0,0,0,1,553,0.0,0.0
0.0,0.0,0.0,0.0,7.617382345682188,0.0,0.0,0.0,0.0,0.0,6.18032346848485,1.0986122886681098,0.0,1.6094379124341003,0.7795894208414758,0.42857142857142855,0.0,0,0,0,1,1,1,1,0,0,0,1,0,554,0.0,0.0
0.0,0.0,0.0,0.0,2.838033640678306,0.0,0.0,0.0,0.0,0.0,0.00035707923961937285,0.0,0.0,0.0,0.00018181825457190082,1.0,0.0,0,0,0,1,1,0,1,0,0,0,0,0,555,,
0.0,0.0,0.0,0.0,5.430494718060008,0.0,0.0,0.0,0.0,0.0,7.313890638421686,0.6931471805599453,3.4011973816621555,2.0794415416798357,1.1062426080551298,0.15789473684210525,0.0,0,0,0,1,1,1,1,0,0,0,0,1,556,1.0,4.179285714
0.0,2.0,0.0,0.0,7.943245566685205,0.0,0.0,0.0,0.0,0.0,6.814999512424584,1.9459101490553132,2.4849066497880004,1.3862943611198906,0.9253640709017152,0.45454545454545453,0.0,0,0,0,0,0,0,0,0,0,0,1,0,557,1.0,0.396428571
0.0,0.0,0.0,0.0,5.977398221335071,0.0,0.0,0.0,0.0,0.0,7.2788169853710185,1.6094379124341003,2.5649493574615367,2.8903717578961645,0.8252298544825359,0.08823529411764706,0.0,0,0,0,1,1,0,1,0,0,0,0,1,558,0.0,0.0
1.0,4.0,0.0,0.0,6.1433422375796205,6.591733988903737,0.0,0.0,0.0,6.782981750578524,8.310756795088908,1.0986122886681098,0.6931471805599453,1.9459101490553132,2.7358827752433137,0.6666666666666666,0.6381581174551121,0,0,0,0,0,1,0,0,0,1,0,0,559,,
0.0,0.0,0.0,0.0,8.792887120920962,0.0,0.0,0.0,0.0,0.0,3.324534867442433,1.6094379124341003,0.6931471805599453,0.0,0.6276234309748077,0.4,0.0,0,0,0,1,1,1,0,1,0,0,0,0,560,0.0,0.0
0.0,0.0,1.0,0.0,5.59978610738399,0.0,0.0,6.430180201405955,0.0,0.0,7.169172941717389,1.3862943611198906,1.3862943611198906,2.1972245773362196,1.0202239136653153,0.625,0.0,0,0,0,1,0,0,0,1,0,0,0,0,561,0.0,0.0
0.0,0.0,0.0,0.0,7.604403822609964,0.0,0.0,0.0,0.0,0.0,7.664449194178225,0.0,0.0,2.9444389791664403,1.1590077468725644,0.55,0.0,0,0,0,1,0,1,0,0,0,0,0,1,562,,
1.0,4.0,0.0,0.0,4.054006081692892,0.3698379304650133,5.579553260588149,0.0,0.0,5.547071575651846,7.0419461412337565,1.3862943611198906,0.0,2.833213344056216,1.2525165893482508,0.2,126.54269751955307,0,0,0,0,0,0,1,0,0,0,1,0,563,0.0,0.0
0.0,0.0,0.0,0.0,7.238936758484247,0.0,0.0,0.0,0.0,0.0,0.0017841215082964072,0.0,0.0,1.0986122886681098,1.306847674220653e-05,0.3333333333333333,0.0,0,0,0,1,1,1,0,1,0,0,0,0,564,0.0,0.0
0.0,0.0,0.0,0.0,2.081760279952242,0.0,0.0,0.0,0.0,0.0,6.4280677690734285,0.6931471805599453,1.9459101490553132,0.6931471805599453,1.4055697025728502,0.6923076923076923,0.0,0,0,0,1,0,1,0,0,0,0,0,0,565,,
1.0,0.0,1.0,3.0,6.3610575672740355,9.999687628538078,0.0,6.164101712446252,7.785838452800011,0.0,9.336788896708258,1.3862943611198906,2.9444389791664403,2.833213344056216,1.1088517033237983,0.3829787234042553,0.026244110453551944,0,0,0,1,1,1,1,0,0,0,0,1,566,,
0.0,0.0,0.0,0.0,8.826029603219107,0.0,0.0,0.0,0.0,0.0,8.225662675462871,1.0986122886681098,0.0,2.3978952727983707,0.8308333862068965,0.3076923076923077,0.0,0,0,0,1,1,0,0,1,0,0,0,0,567,,
0.0,0.0,1.0,0.0,6.698238548624643,0.0,0.0,5.788876141041498,0.0,0.0,0.0010708554296057233,0.0,0.0,0.0,3.0866265050780752,0.6666666666666666,0.0,0,0,0,1,1,0,1,0,0,0,1,0,568,0.0,0.0
0.0,0.0,0.0,0.0,0.7651355608937607,0.0,0.0,0.0,0.0,4.946360865372102,4.069588257078402,0.0,0.0,0.6931471805599453,1.0549169226730875,0.8571428571428571,0.0,0,0,0,1,0,0,0,1,0,0,1,0,569,0.0,0.0
0.0,0.0,0.0,0.0,6.356410814219385,0.0,0.0,0.0,0.0,0.0,0.0,0.0,0.0,0.6931471805599453,0.0,0.0,0.0,0,0,0,1,1,0,0,1,0,0,0,0,570,,
0.0,0.0,1.0,0.0,0.26071455290289275,0.0,0.0,7.110054518010699,0.0,0.0,6.452907080936294,1.3862943611198906,0.0,2.0794415416798357,0.6976324256564017,0.4,0.0,0,0,0,1,0,0,0,0,1,0,0,1,571,,
0.0,0.0,0.0,0.0,7.915918991709072,0.0,0.0,0.0,0.0,0.0,6.5972012450917115,1.791759469228055,2.302585092994046,2.302585092994046,0.3823983416047223,0.10714285714285714,0.0,0,0,0,1,0,1,1,0,0,0,0,0,572,0.0,0.0
0.0,0.0,0.0,0.0,7.126493713199276,0.0,0.0,0.0,0.0,0.0,6.635902497760729,1.3862943611198906,1.6094379124341003,1.6094379124341003,1.0664220881193542,0.21428571428571427,0.0,0,0,0,1,1,0,0,1,0,1,0,0,573,0.0,0.0
0.0,0.0,0.0,1.0,8.121464565356622,0.0,0.0,0.0,6.280805733593596,0.0,7.707542210329639,1.6094379124341003,0.0,1.0986122886681098,1.0661018840233891,0.7916666666666666,0.0,0,0,0,1,0,0,0,0,1,1,0,0,574,0.0,0.0
0.0,0.0,0.0,0.0,6.642418350523899,0.0,0.0,0.0,0.0,0.0,7.213876917831586,3.091042453358316,2.0794415416798357,0.6931471805599453,0.6655185344583152,0.125,0.0,0,0,0,1,1,0,1,0,0,0,1,0,575,0.0,0.0
0.0,0.0,0.0,1.0,1.10561154628258,0.0,0.0,0.0,6.785299064276471,0.0,5.371992592151904,0.0,0.0,1.0986122886681098,1.5665824422500738,0.5,0.0,0,0,0,1,1,1,0,1,0,1,0,0,576,0.0,0.0
0.0,0.0,0.0,0.0,5.762414075175438,0.0,0.0,0.0,0.0,0.0,5.82979189794338,0.0,0.0,0.0,1.3357601833310286,0.6666666666666666,0.0,0,0,0,1,1,0,0,0,1,1,0,0,577,,
0.0,0.0,0.0,0.0,8.472616463155699,0.0,0.0,0.0,0.0,0.0,7.044573140496788,1.0986122886681098,2.5649493574615367,1.791759469228055,0.7165289783551936,0.10526315789473684,0.0,0,0,0,1,1,0,0,1,0,1,0,0,578,1.0,10.88357143
0.0,4.0,0.0,0.0,2.4818663184945304,0.0,0.0,0.0,0.0,0.0,0.1906203596086497,0.0,0.0,0.0,0.12818835838182893,2.0,0.0,0,0,0,0,1,1,0,1,0,0,0,0,579,,
1.0,7.0,0.0,0.0,1.6144965246533876,9.69727499338645,7.828736137795743,0.0,0.0,0.0,5.804300929334683,0.0,1.0986122886681098,0.6931471805599453,2.547526821777711,1.25,0.00024737629906310886,0,0,0,0,1,0,0,1,0,0,0,0,580,0.0,0.0
1.0,0.0,1.0,0.0,0.0,9.60325917464969,0.0,0.0,0.0,0.0,7.596717643902904,0.6931471805599453,3.2188758248682006,2.0794415416798357,0.9157235094805938,0.18604651162790697,0.0,0,0,0,1,0,1,1,0,0,0,1,0,581,0.0,0.0
0.0,0.0,0.0,0.0,6.101823265264795,0.0,0.0,0.0,0.0,0.0,0.005342844552591379,0.0,0.0,0.6931471805599453,1.0714286,1.0,0.0,0,0,0,1,1,1,0,1,0,1,0,0,582,0.0,0.0
1.0,5.0,0.0,0.0,5.6063678201976614,2.393274222536663,9.477590893835982,0.0,0.0,0.0,8.082335832196119,0.0,1.791759469228055,2.4849066497880004,3.0276772227825455,1.8235294117647058,27.25360758495954,0,0,0,0,1,0,1,0,0,0,1,0,583,,
1.0,0.0,0.0,0.0,7.839677908030753,8.654438429197612,0.0,0.0,0.0,0.0,6.915869767291296,0.0,3.091042453358316,2.772588722239781,0.6828486464819107,0.15384615384615385,0.4426481677979642,0,0,0,1,0,1,1,0,0,0,0,1,584,0.0,0.0
0.0,2.0,0.0,0.0,3.883072232673203,0.0,7.882279204002873,0.0,0.0,0.0,6.737989989805091,0.6931471805599453,3.1354942159291497,2.0794415416798357,0.4899293217996072,0.08823529411764706,0.0,0,0,0,0,1,1,1,0,0,0,0,0,585,0.0,0.0
0.0,0.0,0.0,0.0,7.619294603849159,0.0,0.0,0.0,0.0,0.0,2.7269654131933376,1.0986122886681098,0.0,0.0,1.000049999599985,1.0,0.0,0,0,0,1,1,1,1,0,0,1,0,0,586,,
1.0,1.0,0.0,0.0,0.0,11.47904922949133,5.9457636686029325,0.0,0.0,0.0,7.265144218165589,0.0,0.0,1.791759469228055,2.3599753208832492,0.8,0.0,0,0,0,0,1,0,0,1,0,1,0,0,587,,
0.0,0.0,0.0,0.0,5.26876717155945,0.0,0.0,0.0,0.0,6.567743786637836,6.506414333362674,1.3862943611198906,0.0,1.3862943611198906,1.136748166258341,0.5454545454545454,0.0,0,0,0,1,0,0,0,1,0,0,0,0,588,0.0,0.0
1.0,0.0,0.0,0.0,5.131009678048318,1.1479691855475507,0.0,0.0,0.0,0.0,7.498194771467998,0.0,0.0,2.0794415416798357,1.6361483287142686,0.8571428571428571,78.16199169170616,0,0,0,1,0,1,1,0,0,0,1,0,589,0.0,0.0
0.0,0.0,0.0,0.0,5.218349953581449,0.0,0.0,0.0,0.0,0.0,0.10403821310101055,0.0,0.0,0.0,0.05581818175357355,1.0,0.0,0,0,0,1,1,0,0,1,0,1,0,0,590,,
0.0,0.0,0.0,0.0,0.0,0.0,0.0,0.0,0.0,0.0,4.447308462029989,0.6931471805599453,1.3862943611198906,0.6931471805599453,0.5346006159281166,0.5384615384615384,0.0,0,0,0,1,0,0,1,0,0,0,1,0,591,1.0,0.522857143
1.0,0.0,0.0,0.0,5.999148343737699,10.495917873403991,0.0,0.0,0.0,0.0,6.142659331936012,1.0986122886681098,0.0,2.1972245773362196,0.5559107332643881,0.45454545454545453,0.011117600155991168,0,0,0,1,1,0,0,1,0,0,1,0,592,,
0.0,0.0,0.0,0.0,0.9085465372558982,0.0,0.0,0.0,0.0,0.0,6.132963334424784,0.0,1.3862943611198906,1.791759469228055,0.4024051687221464,0.2222222222222222,0.0,0,0,0,1,1,1,1,0,0,0,0,1,593,0.0,0.0
1.0,0.0,0.0,0.0,1.57506827101461,5.415295316432045,0.0,0.0,0.0,0.0,6.923366712936123,0.0,0.0,2.302585092994046,1.4142550015774413,0.5,0.017116833920006534,0,0,0,1,1,1,1,0,0,0,0,0,594,,
0.0,0.0,0.0,0.0,4.851424611799393,0.0,0.0,0.0,0.0,0.0,6.215681093956535,2.1972245773362196,0.0,0.0,0.9637586990166742,0.16666666666666666,0.0,0,0,0,1,1,1,0,0,0,1,0,0,595,,
0.0,0.0,0.0,0.0,0.0,0.0,0.0,0.0,0.0,0.0,9.288683493709884,0.6931471805599453,1.3862943611198906,2.6390573296152584,1.5868530025115444,0.16666666666666666,0.0,0,0,0,1,1,1,0,1,0,0,1,0,596,,
0.0,0.0,0.0,0.0,8.423737013348068,0.0,0.0,0.0,0.0,6.181284704615518,6.22246359168394,1.3862943611198906,1.3862943611198906,1.6094379124341003,0.7728572539424129,0.55,0.0,0,0,0,1,0,1,0,0,1,0,0,0,597,0.0,0.0
0.0,0.0,0.0,0.0,6.333637975470908,0.0,0.0,0.0,0.0,0.0,6.5408377522845225,1.6094379124341003,2.9444389791664403,0.6931471805599453,1.5169942076101013,0.3684210526315789,0.0,0,0,0,1,0,1,1,0,0,0,1,0,598,1.0,0.163571429
1.0,0.0,0.0,0.0,2.871928920033809,10.054208510585854,0.0,0.0,0.0,0.0,7.0399388886300915,1.0986122886681098,3.332204510175204,2.302585092994046,0.6531612785205989,0.12195121951219512,0.0007169599779830796,0,0,0,1,1,0,0,0,0,0,0,0,599,0.0,0.0
1.0,4.0,0.0,0.0,7.081979557792793,9.079403732466274,10.240170749046596,0.0,0.0,0.0,6.247096032391005,1.0986122886681098,1.6094379124341003,0.6931471805599453,1.0138425619577898,0.8095238095238095,0.1355857984483236,0,0,0,0,1,1,0,1,0,0,1,0,600,0.0,0.0
1.0,2.0,0.0,0.0,6.764673116436202,11.439120996723766,0.0,0.0,0.0,0.0,7.7656322381359475,0.0,1.6094379124341003,0.6931471805599453,0.8220017140426528,0.6666666666666666,0.009320009741742267,0,0,0,0,1,1,0,1,0,0,0,0,601,0.0,0.0
0.0,0.0,1.0,0.0,4.446249815901736,0.0,0.0,6.961109163045808,0.0,0.0,7.183947668854089,2.0794415416798357,3.332204510175204,1.9459101490553132,0.9773767780909491,0.359375,0.0,0,0,0,1,0,1,0,1,0,0,1,0,602,0.0,0.0
1.0,0.0,0.0,0.0,7.23488992280216,8.917879805485418,0.0,0.0,0.0,0.0,0.034056301467981234,0.0,0.0,0.0,0.0,0.0,0.1857084796659704,0,0,0,1,1,0,1,0,0,0,0,0,603,,
0.0,0.0,1.0,0.0,8.63872278732044,0.0,0.0,6.95190954347872,0.0,0.0,8.08124774157942,0.0,0.0,2.1972245773362196,1.3541850670185138,0.46153846153846156,0.0,0,0,0,1,1,1,0,1,0,0,0,0,604,1.0,3.079821429
0.0,0.0,0.0,0.0,0.0,0.0,0.0,0.0,0.0,0.0,8.672168449528217,0.0,0.0,2.9444389791664403,0.8835314754843143,0.5263157894736842,0.0,0,0,0,1,1,1,0,1,0,1,0,0,605,0.0,0.0
1.0,0.0,0.0,0.0,4.402126836685412,5.750900038905173,0.0,0.0,0.0,0.0,5.711412813106632,0.6931471805599453,1.6094379124341003,0.6931471805599453,1.0678111565271615,0.42857142857142855,0.2571964371666963,0,0,0,1,1,1,0,1,0,0,1,0,606,0.0,0.0
2.0,3.0,1.0,0.0,5.90019476524167,6.980143380148128,0.0,6.1980234734540245,0.0,0.0,7.51285801657805,1.0986122886681098,2.833213344056216,2.302585092994046,0.975223970338322,0.17647058823529413,0.33899813224898695,0,0,0,0,0,0,0,0,0,0,1,0,607,,
1.0,0.0,0.0,0.0,5.853252831123234,10.281660083573582,0.0,0.0,0.0,0.0,6.133043936273555,1.0986122886681098,0.6931471805599453,1.6094379124341003,1.000646642584315,0.5,0.011899633582545756,0,0,0,1,1,1,1,0,0,0,0,1,608,1.0,3.20375
1.0,0.0,0.0,0.0,4.881645951679072,10.12400578912539,0.0,0.0,0.0,0.0,7.065340665445429,1.0986122886681098,2.995732273553991,1.0986122886681098,1.3695676769413927,0.2,0.005247869153861179,0,0,0,1,1,0,0,0,1,0,0,0,609,0.0,0.0
1.0,1.0,1.0,0.0,6.988894747762502,0.587588232437922,9.56708531376501,5.725795542421916,0.0,0.0,9.142107874581566,1.0986122886681098,0.6931471805599453,2.1972245773362196,1.9162730367345193,0.8823529411764706,1355.007593096026,0,0,0,0,1,1,1,0,0,0,0,1,610,0.0,0.0
0.0,0.0,0.0,1.0,6.85101295503537,0.0,0.0,0.0,7.830592251789856,0.0,7.903180350149703,0.0,2.302585092994046,1.3862943611198906,0.9970194766275532,0.6388888888888888,0.0,0,0,0,1,0,1,1,0,0,0,0,1,611,1.0,17.25375
1.0,0.0,1.0,0.0,3.3856001849935904,6.990448536381618,0.0,4.709720015728871,0.0,0.0,8.003272664373998,0.6931471805599453,2.6390573296152584,2.3978952727983707,1.4667727557486432,0.3448275862068966,0.026295142751871985,0,0,0,1,0,0,0,0,1,0,0,0,612,0.0,0.0
0.0,0.0,1.0,0.0,3.448955267183523,0.0,0.0,5.624558875865814,0.0,5.390140955707607,0.005342844552591379,0.0,0.0,0.0,0.503749999748875,1.0,0.0,0,0,0,1,0,0,0,0,0,1,0,0,613,0.0,0.0
2.0,17.0,1.0,0.0,0.0,8.874034071586792,0.0,0.0,0.0,0.0,9.02398299653088,0.6931471805599453,2.6390573296152584,3.2188758248682006,0.8658921856374414,0.34782608695652173,0.0,0,0,0,0,0,1,0,1,0,0,0,0,614,1.0,83.03803571
0.0,0.0,0.0,0.0,7.828249734416514,0.0,0.0,0.0,0.0,0.0,7.395338302491571,1.3862943611198906,3.4339872044851463,2.6390573296152584,0.6854566637430666,0.061224489795918366,0.0,0,0,0,1,1,1,1,0,0,0,1,0,615,1.0,2.8075
0.0,0.0,0.0,0.0,6.989068936502798,0.0,0.0,0.0,0.0,0.0,0.0010708554296057233,0.0,0.0,0.0,0.0,0.0,0.0,0,0,0,1,1,1,0,0,1,1,0,0,616,,
0.0,0.0,0.0,0.0,8.626649593208423,0.0,0.0,0.0,0.0,0.0,0.013832459886991853,0.0,0.0,0.0,0.007090908873758677,1.0,0.0,0,0,0,1,0,0,1,0,0,0,0,0,617,0.0,0.0
0.0,0.0,0.0,1.0,0.0,0.0,0.0,0.0,6.789393951147059,0.0,7.076384413449032,0.6931471805599453,1.0986122886681098,2.4849066497880004,1.5508727770970425,0.29411764705882354,0.0,0,0,0,1,0,1,0,1,0,1,0,0,618,0.0,0.0
1.0,2.0,0.0,0.0,8.23364636662999,8.96360993133738,5.139759071021505,0.0,0.0,0.0,6.185382297813448,0.0,0.0,1.0986122886681098,2.7292672467457013,2.0,0.4818602356125377,0,0,0,0,1,1,1,0,0,0,0,1,619,0.0,0.0
0.0,0.0,0.0,0.0,1.1495543308071448,0.0,0.0,0.0,0.0,0.0,0.0,0.0,0.0,0.0,0.0,0.0,0.0,0,0,0,1,1,0,1,0,0,0,0,0,620,,
1.0,0.0,0.0,0.0,7.131466383607492,0.0014275515632253602,0.0,0.0,0.0,0.0,0.002496880198587199,0.0,0.0,0.0,25.604449976669148,3.0,874797.0125391037,0,0,0,1,1,0,1,0,0,0,0,1,621,0.0,0.0
0.0,0.0,0.0,0.0,0.0,0.0,0.0,0.0,0.0,0.0,5.972811294632424,0.6931471805599453,0.0,0.6931471805599453,1.009577386981999,0.6666666666666666,0.0,0,0,0,1,1,1,0,1,0,0,1,0,622,,
0.0,0.0,0.0,0.0,7.382917898971001,0.0,0.0,0.0,0.0,0.0,8.5616421092352,0.0,2.833213344056216,2.302585092994046,1.1674802489674307,0.19230769230769232,0.0,0,0,0,1,1,0,1,0,0,0,1,0,623,0.0,0.0
1.0,0.0,0.0,0.0,5.609932181132476,9.453578860800954,0.0,0.0,0.0,0.0,0.0,0.0,0.0,0.0,0.0,0.0,0.021338628485553384,0,0,0,1,1,1,1,0,0,0,0,1,624,0.0,0.0
0.0,0.0,0.0,0.0,8.279961853845082,0.0,0.0,0.0,0.0,0.0,5.112480351966927,0.6931471805599453,0.0,0.0,0.914399604200641,1.0,0.0,0,0,0,1,1,1,0,1,0,0,1,0,625,,
0.0,0.0,0.0,0.0,2.6717072481820594,0.0,0.0,0.0,0.0,0.0,6.674886915972152,1.0986122886681098,2.0794415416798357,1.0986122886681098,1.8527994512371846,0.23076923076923078,0.0,0,0,0,1,1,0,0,1,0,0,1,0,626,,
0.0,2.0,0.0,0.0,7.381045021164692,0.0,8.320900983638115,0.0,0.0,0.0,7.654175587340419,0.0,0.0,1.3862943611198906,0.9796911715884296,0.5,0.0,0,0,0,0,1,1,1,0,0,0,0,1,627,0.0,0.0
0.0,0.0,0.0,0.0,6.193302013015053,0.0,0.0,0.0,0.0,0.0,4.668483626395609,0.0,0.0,0.0,2.3583967776858854,1.3333333333333333,0.0,0,0,0,1,0,1,0,0,0,1,0,0,628,0.0,0.0
0.0,2.0,0.0,0.0,4.139426043594367,0.0,10.445479915314355,0.0,0.0,0.0,6.970908465987336,1.3862943611198906,1.791759469228055,2.1972245773362196,1.3018217531453102,0.17647058823529413,0.0,0,0,0,0,1,0,0,1,0,0,0,1,629,0.0,0.0
0.0,0.0,0.0,0.0,5.967299920108684,0.0,0.0,0.0,0.0,0.0,0.004632112184364615,1.0986122886681098,2.3978952727983707,1.0986122886681098,6.712795415060175e-06,0.06666666666666667,0.0,0,0,0,1,1,1,0,0,0,0,0,1,630,0.0,0.0
0.0,0.0,0.0,0.0,5.8313523828493405,0.0,0.0,0.0,0.0,0.0,5.459281516452181,0.0,0.0,1.0986122886681098,1.0016822142222552,0.6666666666666666,0.0,0,0,0,1,1,0,0,1,0,0,1,0,631,0.0,0.0
0.0,0.0,0.0,0.0,6.385342545021875,0.0,0.0,0.0,0.0,0.0,7.7617448326793355,1.0986122886681098,0.0,1.3862943611198906,0.995397014434766,0.8076923076923077,0.0,0,0,0,1,0,1,1,0,0,0,0,1,632,1.0,10.28464286
1.0,2.0,0.0,0.0,10.493025837178507,9.729774797642682,0.0,0.0,0.0,0.0,8.27629473625338,0.0,0.6931471805599453,0.0,2.4503931309421874,1.25,2.1453072826729707,0,0,0,0,1,0,0,1,0,0,0,0,633,,
2.0,0.0,0.0,0.0,3.7579806529666,10.77171243033495,0.0,0.0,0.0,0.0,3.820933192951887,0.6931471805599453,0.0,0.0,5.4633807693703575,4.0,0.0008784794259704258,0,0,0,1,1,0,1,0,0,1,0,0,634,0.0,0.0
0.0,0.0,0.0,0.0,0.0,0.0,0.0,0.0,0.0,0.0,2.0971849775016396,0.0,0.0,0.0,0.0,0.0,0.0,0,0,0,1,1,0,1,0,0,0,0,0,635,,
1.0,0.0,1.0,0.0,7.872770050553835,7.807443811068099,0.0,0.0,0.0,0.0,7.144384911722762,0.0,1.3862943611198906,1.0986122886681098,0.9178017466538257,0.6923076923076923,1.0675346967038655,0,0,0,1,1,1,0,1,0,1,0,0,636,0.0,0.0
0.0,3.0,0.0,0.0,0.0,0.0,0.0,0.0,0.0,0.0,6.750210512386739,0.6931471805599453,0.0,1.3862943611198906,1.3936113865251123,0.6,0.0,0,0,0,0,1,0,0,1,0,1,0,0,637,,
0.0,0.0,0.0,0.0,4.502583597212991,0.0,0.0,0.0,0.0,0.0,6.386590076020671,0.6931471805599453,1.6094379124341003,0.6931471805599453,0.6691225199309601,0.2222222222222222,0.0,0,0,0,1,0,1,0,0,0,0,0,0,638,0.0,0.0
0.0,0.0,0.0,0.0,6.603867360159526,0.0,0.0,0.0,0.0,0.0,6.572827349364794,0.6931471805599453,1.0986122886681098,0.0,1.0700748943409786,0.6666666666666666,0.0,0,0,0,1,1,0,0,0,1,0,0,1,639,1.0,11.37642857
1.0,0.0,0.0,0.0,9.727131566289541,8.184704808700532,0.0,0.0,0.0,0.0,0.0021405643565592823,0.0,0.0,0.0,0.0,0.0,4.676949299589783,0,0,0,1,1,0,1,0,0,0,1,0,640,,
0.0,0.0,0.0,0.0,0.8649974374866045,0.0,0.0,0.0,0.0,0.0,8.314258697294386,1.6094379124341003,2.1972245773362196,2.9444389791664403,0.9437944597030624,0.2,0.0,0,0,0,1,1,0,0,0,1,0,1,0,641,,
1.0,4.0,0.0,0.0,7.713825609952353,9.176414706664943,5.274463687741789,0.0,0.0,0.0,1.736007628699897,2.302585092994046,1.9459101490553132,0.0,0.0007774426503044399,0.2,0.23155627417637342,0,0,0,0,1,0,0,0,1,0,0,1,642,0.0,0.0
0.0,4.0,0.0,0.0,7.698581908138439,0.0,12.111391277032574,0.0,0.0,0.0,6.6939461510672515,1.9459101490553132,1.9459101490553132,1.6094379124341003,1.0207508022770466,0.09523809523809523,0.0,0,0,0,0,1,1,0,1,0,0,1,0,643,1.0,32.04017857
1.0,0.0,0.0,0.0,4.915324637891818,0.15700374880966475,0.0,0.0,0.0,0.0,0.0010708554296057233,0.0,0.0,0.0,0.13490909092871406,2.0,796.2563023529411,0,0,0,1,1,1,0,1,0,0,0,0,644,1.0,9.138928571
0.0,0.0,0.0,0.0,2.727712762380453,0.0,0.0,0.0,0.0,0.0,6.251704303713662,0.0,0.0,1.3862943611198906,2.9923854722257723,0.6,0.0,0,0,0,1,1,1,0,1,0,0,1,0,645,0.0,0.0
0.0,0.0,0.0,0.0,6.184953427211364,0.0,0.0,0.0,0.0,0.0,6.791186149068958,1.3862943611198906,1.3862943611198906,1.791759469228055,1.0550012894153191,0.7058823529411765,0.0,0,0,0,1,0,1,1,0,0,0,0,0,646,0.0,0.0
0.0,0.0,0.0,0.0,5.895664336583213,0.0,0.0,0.0,0.0,0.0,5.525464321935526,0.0,0.0,0.0,1.037540759701629,0.6666666666666666,0.0,0,0,0,1,1,1,0,0,1,0,0,0,647,,
1.0,0.0,1.0,0.0,7.680467910423634,2.7296952014282763,0.0,6.1820332524900135,0.0,0.0,7.4959305589192065,0.0,2.6390573296152584,2.302585092994046,0.9545435523727956,0.5,151.0748522592064,0,0,0,1,1,0,0,0,0,0,0,1,648,1.0,0.775178571
0.0,0.0,0.0,0.0,9.640716210673876,0.0,0.0,0.0,0.0,0.0,7.911275709145426,1.791759469228055,2.833213344056216,2.5649493574615367,0.992430589259768,0.5166666666666667,0.0,0,0,0,1,0,0,0,0,0,0,0,0,649,0.0,0.0
0.0,0.0,0.0,0.0,7.859659401206399,0.0,0.0,0.0,0.0,0.0,5.82981603692068,0.0,0.0,0.0,118.75362499593768,1.0,0.0,0,0,0,1,1,1,0,0,0,1,0,0,650,,
0.0,0.0,0.0,1.0,1.1451323043484571,0.0,0.0,0.0,8.738356211412428,0.0,3.3724794164413963,0.0,0.0,1.3862943611198906,0.08486676513996731,0.6,0.0,0,0,0,1,1,1,0,1,0,1,0,0,651,,
0.0,0.0,0.0,0.0,8.68036360158439,0.0,0.0,0.0,0.0,0.0,6.643850650172401,1.0986122886681098,1.9459101490553132,1.3862943611198906,2.5314239982178806,0.16666666666666666,0.0,0,0,0,1,1,1,0,1,0,0,1,0,652,,
1.0,0.0,0.0,0.0,3.7874634896812416,8.70097909220167,0.0,0.0,0.0,0.0,0.0,0.0,0.0,0.0,0.0,0.0,0.0071813874580388725,0,0,0,1,1,1,1,0,0,0,1,0,653,0.0,0.0
0.0,0.0,0.0,0.0,7.413598439266195,0.0,0.0,0.0,0.0,0.0,8.01853373512252,0.6931471805599453,2.302585092994046,2.5649493574615367,0.9783737325947379,0.19230769230769232,0.0,0,0,0,1,1,0,1,0,0,0,1,0,654,,
0.0,0.0,0.0,0.0,5.793627531480155,0.0,0.0,0.0,0.0,0.0,6.781181260290867,0.6931471805599453,0.0,1.0986122886681098,1.028207535411661,0.42857142857142855,0.0,0,0,0,1,1,0,0,0,0,0,0,0,655,,
1.0,0.0,0.0,0.0,3.3236218662153507,8.719576970730184,0.0,0.0,0.0,0.0,6.980182911584345,0.0,2.1972245773362196,1.6094379124341003,1.1161069115237416,0.23076923076923078,0.004372244991524409,0,0,0,1,1,1,0,1,0,1,0,0,656,,
1.0,0.0,0.0,0.0,6.631672342373708,0.0,0.0,0.0,0.0,5.620197687831545,6.938015291628871,0.6931471805599453,1.0986122886681098,1.6094379124341003,0.9693969750588236,0.5714285714285714,0.0,0,0,0,1,0,0,1,0,0,0,0,0,657,0.0,0.0
0.0,0.0,0.0,0.0,7.010923464539537,0.0,0.0,0.0,0.0,0.0,0.06865948298584718,0.0,0.0,0.6931471805599453,6.425872650058039e-05,0.7142857142857143,0.0,0,0,0,1,1,0,0,1,0,0,0,0,658,0.0,0.0
0.0,0.0,0.0,0.0,6.965357522481796,0.0,0.0,0.0,0.0,0.0,6.621408505155537,0.0,0.0,1.0986122886681098,0.9394907080193181,0.4,0.0,0,0,0,1,1,0,1,0,0,0,1,0,659,,
0.0,0.0,0.0,0.0,6.417258521311979,0.0,0.0,0.0,0.0,0.0,6.18338792394976,1.0986122886681098,0.0,0.0,0.5162710789185269,0.75,0.0,0,0,0,1,0,1,0,1,0,0,1,0,660,,
1.0,0.0,0.0,0.0,5.939878916836566,6.783589685896442,0.0,0.0,0.0,0.0,5.8809359378864094,0.6931471805599453,2.0794415416798357,0.6931471805599453,0.7267465124991693,0.3,0.42946555298133604,0,0,0,1,1,0,0,0,1,1,0,0,661,0.0,0.0
0.0,0.0,0.0,0.0,0.0,0.0,0.0,0.0,0.0,0.0,6.040285322951729,1.3862943611198906,0.0,0.0,1.3479568143626237,0.5,0.0,0,0,0,1,1,0,0,0,0,1,0,0,662,0.0,0.0
0.0,0.0,0.0,0.0,2.3297137603822984,0.0,0.0,0.0,0.0,0.0,0.0,0.0,0.0,0.0,0.0,0.0,0.0,0,1,0,1,1,1,1,0,0,0,1,0,663,0.0,0.0
0.0,0.0,0.0,0.0,7.250381500222419,0.0,0.0,0.0,0.0,0.0,6.79519230041489,0.0,0.0,1.9459101490553132,1.5091274154835326,0.42857142857142855,0.0,0,0,0,1,1,1,0,1,0,0,1,0,664,,
0.0,0.0,0.0,0.0,5.917961199862545,0.0,0.0,0.0,0.0,0.0,8.394670934344703,0.0,0.0,2.4849066497880004,0.4983011901748251,0.8666666666666667,0.0,0,0,0,1,1,1,1,0,0,0,0,1,665,,
0.0,1.0,0.0,0.0,9.532972220049913,0.0,10.14500375981291,0.0,0.0,0.0,6.303929602578799,0.0,0.0,3.258096538021482,0.7431208052868523,0.15384615384615385,0.0,0,0,0,0,1,1,0,1,0,0,1,0,666,0.0,0.0
0.0,0.0,0.0,0.0,4.1115995960121445,0.0,0.0,0.0,0.0,0.0,7.028904072559688,1.3862943611198906,1.6094379124341003,2.1972245773362196,0.8387549173034287,0.19047619047619047,0.0,0,0,0,1,1,1,0,1,0,0,1,0,667,,
1.0,1.0,0.0,0.0,6.376640695369461,10.685171325914967,0.0,0.0,0.0,0.0,7.91404013745552,2.3978952727983707,3.5263605246161616,3.044522437723423,0.9226322114881749,0.36363636363636365,0.013430728528618213,0,0,0,0,0,0,0,1,0,0,1,0,668,,
0.0,0.0,0.0,0.0,5.1685381092798695,0.0,0.0,0.0,0.0,5.065648684239135,6.423561733144211,1.0986122886681098,0.0,1.6094379124341003,0.9501588615577288,0.25,0.0,0,0,0,1,0,1,0,1,0,1,0,0,669,,
0.0,0.0,0.0,0.0,2.703324767807811,0.0,0.0,0.0,0.0,0.0,6.3507641684903575,1.6094379124341003,2.302585092994046,1.0986122886681098,2.406383643120676,0.2,0.0,0,0,0,1,1,0,0,0,1,0,1,0,670,0.0,0.0
1.0,0.0,0.0,0.0,6.756880062297127,9.360195123215895,0.0,0.0,0.0,0.0,6.465196707826961,0.0,0.0,1.6094379124341003,1.8523919546570398,0.4,0.07394804683851233,0,0,0,1,1,1,0,0,0,0,1,0,671,0.0,0.0
0.0,0.0,0.0,0.0,3.8910984633648855,0.0,0.0,0.0,0.0,0.0,5.8630374522201585,0.0,0.0,0.0,1.2020302764257296,1.0,0.0,0,0,0,1,1,1,0,0,0,0,0,1,672,0.0,0.0
2.0,1.0,1.0,0.0,7.859350687105459,9.689365815741144,6.598602445776882,0.7786693541948286,0.0,2.245485500953473,5.915747588999544,1.0986122886681098,0.0,1.791759469228055,0.8497255698794967,0.6153846153846154,0.16035913471453492,0,0,0,0,0,1,0,0,1,0,1,0,673,1.0,24.13589286
0.0,0.0,0.0,0.0,9.702838053016007,0.0,0.0,0.0,0.0,6.615472161805811,7.348382278848095,1.3862943611198906,3.1354942159291497,2.6390573296152584,1.0488030992754613,0.2564102564102564,0.0,0,0,0,1,0,0,1,0,0,0,0,1,674,,
0.0,0.0,0.0,0.0,3.362629788512897,0.0,0.0,0.0,0.0,0.0,8.717003484347357,1.3862943611198906,0.0,0.6931471805599453,3.5867210112249643,0.3,0.0,0,0,0,1,1,0,1,0,0,0,1,0,675,1.0,0.017678571
0.0,0.0,1.0,0.0,7.028208713946385,0.0,0.0,6.035951247025022,0.0,0.0,7.825641309290808,0.6931471805599453,2.772588722239781,2.1972245773362196,0.7344982404566427,0.2903225806451613,0.0,0,0,0,1,0,0,1,0,0,1,0,0,676,,
0.0,0.0,0.0,0.0,4.282078035503226,0.0,0.0,0.0,0.0,0.0,6.16684840319722,1.6094379124341003,2.302585092994046,0.0,2.1992107390718147,0.15384615384615385,0.0,0,0,0,1,1,1,0,0,0,0,0,1,677,,
1.0,3.0,0.0,0.0,7.912467583685539,0.0,13.54269936950755,0.0,0.0,0.0,0.0,0.0,0.0,0.0,0.0,0.0,0.0,0,0,0,0,1,0,0,0,0,1,0,0,678,0.0,0.0
2.0,0.0,0.0,0.0,0.0,3.3897391288959833,0.0,0.0,0.0,0.0,7.866805783758709,1.3862943611198906,1.3862943611198906,2.1972245773362196,0.9205781561111811,0.25,0.0,0,0,0,1,1,0,1,0,0,1,0,0,679,0.0,0.0
0.0,0.0,0.0,0.0,0.40974166459092964,0.0,0.0,0.0,0.0,0.0,6.410821406969881,1.0986122886681098,0.0,0.6931471805599453,3.6378631020011003,0.4,0.0,0,0,0,1,1,1,1,0,0,0,0,0,680,0.0,0.0
0.0,5.0,0.0,1.0,8.51259061579632,0.0,10.748568186191818,0.0,9.202032924793292,0.0,7.3202028574731965,0.6931471805599453,1.0986122886681098,1.6094379124341003,1.0079843896351268,0.6086956521739131,0.0,0,0,0,0,0,0,0,1,0,0,0,0,681,,
1.0,11.0,0.0,0.0,6.529829598560195,8.424772483065643,7.045269043925264,0.0,0.0,0.0,6.765616335221251,2.5649493574615367,0.0,1.0986122886681098,1.1045935865305707,0.22727272727272727,0.15014049116778924,0,0,0,0,1,0,0,0,0,0,1,0,682,0.0,0.0
0.0,0.0,0.0,0.0,7.627233972304027,0.0,0.0,0.0,0.0,0.0,6.0627888652930295,1.3862943611198906,1.0986122886681098,0.0,0.9796398356179022,0.42857142857142855,0.0,0,0,0,1,1,0,0,1,0,0,1,0,683,1.0,0.192321429
2.0,3.0,0.0,0.0,3.089515313783127,9.463615072001705,9.9267615984608,0.0,0.0,0.0,7.313488922364811,0.6931471805599453,2.3978952727983707,1.0986122886681098,2.1527044568888676,0.23076923076923078,0.001627655042003227,0,0,0,0,1,1,1,0,0,0,0,1,684,0.0,0.0
0.0,1.0,0.0,0.0,5.941176386614596,0.0,5.139759071021505,0.0,0.0,0.0,6.546592217207455,1.6094379124341003,1.3862943611198906,2.1972245773362196,0.5735591120607064,0.30434782608695654,0.0,0,0,0,0,0,1,0,1,0,0,0,1,685,,
0.0,0.0,0.0,0.0,7.045671730791018,0.0,0.0,0.0,0.0,0.0,6.242922020685199,0.0,0.0,1.791759469228055,1.0334567091436164,0.42857142857142855,0.0,0,0,0,1,1,1,0,1,0,1,0,0,686,1.0,0.629285714
0.0,0.0,0.0,0.0,5.827737956033369,0.0,0.0,0.0,0.0,0.0,7.867626437402386,0.6931471805599453,2.1972245773362196,2.302585092994046,2.1770552507959544,0.25,0.0,0,0,0,1,1,0,1,0,0,1,0,0,687,0.0,0.0
0.0,0.0,0.0,0.0,6.373461173950371,0.0,0.0,0.0,0.0,0.0,7.360388374655123,0.0,0.0,0.0,1.3535039954891308,0.6666666666666666,0.0,0,0,0,1,1,0,0,0,1,0,1,0,688,,
0.0,0.0,0.0,0.0,5.984712337915153,0.0,0.0,0.0,0.0,0.0,6.977681381939773,0.0,1.3862943611198906,0.0,1.179630540309928,0.6,0.0,0,0,0,1,1,0,1,0,0,0,1,0,689,0.0,0.0
1.0,0.0,0.0,0.0,4.466187225792517,8.343896048867732,0.0,0.0,0.0,0.0,0.0,0.0,0.0,0.0,0.20696557233097929,1.0,0.02046521776325966,0,0,0,1,1,0,0,0,1,0,1,0,690,,
0.0,0.0,0.0,0.0,5.4243362357638665,0.0,0.0,0.0,0.0,0.0,7.313890162740505,1.0986122886681098,2.70805020110221,2.995732273553991,0.8993163076080937,0.07894736842105263,0.0,0,0,0,1,1,0,1,0,0,0,0,1,691,0.0,0.0
0.0,0.0,0.0,0.0,6.464790219284944,0.0,0.0,0.0,0.0,0.0,6.836830696048558,1.0986122886681098,2.302585092994046,2.302585092994046,0.9561735700169277,0.41935483870967744,0.0,0,0,0,1,0,1,1,0,0,0,1,0,692,0.0,0.0
0.0,0.0,0.0,0.0,7.9692822587109635,0.0,0.0,0.0,0.0,0.0,7.366767021931604,2.3978952727983707,3.332204510175204,3.091042453358316,1.084824380763689,0.07692307692307693,0.0,0,0,0,1,0,0,0,0,0,1,0,0,693,1.0,0.213571429
1.0,0.0,0.0,1.0,0.0021405643565592823,11.647975950189121,0.0,0.0,4.776211093163794,0.0,6.833177965951369,1.6094379124341003,1.3862943611198906,0.6931471805599453,1.3623335020211698,0.4166666666666667,1.872170095517136e-08,0,0,0,1,1,0,1,0,0,0,0,0,694,0.0,0.0
0.0,0.0,0.0,0.0,0.014888612493750654,0.0,0.0,0.0,0.0,0.0,6.710659693181693,1.3862943611198906,2.1972245773362196,2.302585092994046,0.8446420564980228,0.09523809523809523,0.0,0,0,0,1,1,0,1,0,0,0,0,0,695,,
0.0,0.0,0.0,1.0,7.880654781714653,0.0,0.0,0.0,8.102476994940886,0.0,7.286758090582648,1.6094379124341003,2.4849066497880004,2.0794415416798357,0.9560484993142667,0.19230769230769232,0.0,0,0,0,1,1,0,1,0,0,0,0,1,696,,
0.0,0.0,1.0,0.0,7.81432794302798,0.0,0.0,6.466505690030306,0.0,0.0,8.315715988169654,0.6931471805599453,3.258096538021482,3.4657359027997265,0.8433159277834162,0.4631578947368421,0.0,0,0,0,1,0,0,0,1,0,0,0,1,697,,
1.0,0.0,0.0,0.0,4.185751028502493,7.518640952945423,0.0,0.0,0.0,0.0,7.41463010862874,0.0,0.0,1.0986122886681098,58.037870472825006,1.0,0.03516603575070089,0,0,0,1,1,1,0,1,0,0,1,0,698,0.0,0.0
0.0,4.0,0.0,0.0,7.508818498542675,0.0,9.82511751088482,0.0,0.0,0.0,6.658485901016769,1.0986122886681098,0.0,1.791759469228055,1.5623919831339552,0.6153846153846154,0.0,0,0,0,0,0,1,1,0,0,0,0,1,699,,
0.0,0.0,0.0,0.0,5.847407545821167,0.0,0.0,0.0,0.0,0.0,4.122561734459747,0.0,0.0,0.0,68.0031999923195,2.0,0.0,0,0,0,1,1,1,1,0,0,1,0,0,700,1.0,40.67785714
1.0,0.0,0.0,0.0,0.0,10.44568264053842,0.0,0.0,0.0,0.0,5.13264430860106,1.3862943611198906,1.3862943611198906,0.6931471805599453,0.9408449016417317,0.5714285714285714,0.0,0,0,0,1,1,0,1,0,0,0,1,0,701,,
1.0,1.0,1.0,0.0,5.477416474743762,5.97380597674815,8.459378906987247,0.0,0.0,0.0,7.4258809069625835,1.6094379124341003,3.2188758248682006,2.5649493574615367,1.0460286006082402,0.32608695652173914,0.6077263400455342,0,0,0,0,1,0,0,0,1,0,0,1,702,0.0,0.0
0.0,6.0,0.0,0.0,5.297715399902465,0.0,4.8372791420868735,0.0,0.0,0.0,5.916598595568145,1.0986122886681098,1.6094379124341003,0.0,0.7134531587294168,0.5,0.0,0,0,0,0,1,0,0,0,0,0,1,0,703,0.0,0.0
0.0,0.0,0.0,0.0,6.002508692646507,0.0,0.0,0.0,0.0,0.0,5.3677534731917715,0.0,0.0,1.3862943611198906,0.5624268098536112,0.6,0.0,0,0,0,1,1,0,0,1,0,0,1,0,704,0.0,0.0
0.0,0.0,0.0,0.0,5.2581517784209595,0.0,0.0,0.0,0.0,0.0,6.90101978931392,2.833213344056216,1.3862943611198906,1.6094379124341003,1.0341710712871288,0.07894736842105263,0.0,0,0,0,1,1,1,1,0,0,1,0,0,705,0.0,0.0
0.0,0.0,0.0,0.0,7.24859449715841,0.0,0.0,0.0,0.0,0.0,2.9369485903260437,1.0986122886681098,0.0,0.0,0.32385362703750536,0.5,0.0,0,0,0,1,1,0,1,0,0,0,0,1,706,,
0.0,0.0,0.0,0.0,5.764766695809044,0.0,0.0,0.0,0.0,0.0,3.978633040186573,0.0,0.0,0.0,26.69872727588345,2.0,0.0,0,0,0,1,1,1,0,0,1,1,0,0,707,,
0.0,0.0,0.0,0.0,0.0,0.0,0.0,0.0,0.0,0.0,1.1564318596917673,0.6931471805599453,1.0986122886681098,0.0,0.0986416558864214,0.3333333333333333,0.0,0,0,0,1,1,1,0,1,0,0,0,1,708,,
0.0,0.0,0.0,0.0,6.528792990781708,0.0,0.0,0.0,0.0,0.0,8.567935734167945,1.0986122886681098,1.3862943611198906,2.1972245773362196,0.6079348978878226,0.125,0.0,0,0,0,1,1,1,1,0,0,0,0,0,709,0.0,0.0
0.0,0.0,0.0,0.0,6.934511961864264,0.0,0.0,0.0,0.0,0.0,6.201740666965208,2.3978952727983707,2.3978952727983707,0.0,1.009618931926264,0.3,0.0,0,0,0,1,1,0,1,0,0,0,0,1,710,,
0.0,0.0,0.0,0.0,4.719630246227617,0.0,0.0,0.0,0.0,0.0,5.984121581905768,0.0,0.6931471805599453,0.0,0.5618520244738288,0.75,0.0,0,0,0,1,1,0,1,0,0,0,1,0,711,0.0,0.0
0.0,0.0,0.0,1.0,8.175513318484501,0.0,0.0,0.0,7.594065569682555,0.0,6.529051721832139,0.6931471805599453,0.0,0.0,1.0530467641506813,0.8,0.0,0,0,0,1,0,0,0,1,0,1,0,0,712,0.0,0.0
0.0,0.0,0.0,0.0,4.73978224435799,0.0,0.0,0.0,0.0,5.861109736372087,6.75868085978167,1.9459101490553132,2.833213344056216,1.791759469228055,0.9877683714094452,0.10344827586206896,0.0,0,0,0,1,0,1,0,1,0,1,0,0,713,0.0,0.0
1.0,0.0,0.0,0.0,5.418065137514007,8.611932493937493,0.0,0.0,0.0,0.0,0.020502662606433446,0.0,0.0,1.6094379124341003,0.21310295413041938,0.6666666666666666,0.04083845954263934,0,0,0,1,1,1,0,1,0,0,0,1,714,0.0,0.0
1.0,0.0,1.0,0.0,8.44720403301454,3.070127194462552,0.0,0.5389965005660203,0.0,0.0,9.63883789970695,1.0986122886681098,2.3978952727983707,2.995732273553991,1.0270007879245804,0.2631578947368421,226.872750953238,0,0,0,1,1,1,1,0,0,1,0,0,715,,
0.0,0.0,0.0,0.0,8.531423388778665,0.0,0.0,0.0,0.0,0.0,4.757452795772783,0.0,1.6094379124341003,0.6931471805599453,0.998230553561617,0.2857142857142857,0.0,0,0,0,1,1,0,1,0,0,0,1,0,716,0.0,0.0
0.0,0.0,0.0,0.0,8.051256367257206,0.0,0.0,0.0,0.0,0.0,6.011655754289375,0.0,0.0,0.0,0.9459454525178603,0.6666666666666666,0.0,0,0,0,1,1,1,0,0,0,0,1,0,717,,
0.0,0.0,0.0,1.0,5.614691013609131,0.0,0.0,0.0,6.965039875471831,5.377544356999339,6.717867743701136,1.3862943611198906,0.0,0.6931471805599453,1.230507349976916,0.5416666666666666,0.0,0,0,0,1,0,0,0,0,0,0,0,0,718,1.0,8.301785714
0.0,0.0,0.0,0.0,4.3870008498523445,0.0,0.0,0.0,0.0,0.0,5.525461476545539,0.6931471805599453,2.1972245773362196,1.0986122886681098,0.8241182011079654,0.18181818181818182,0.0,0,0,0,1,1,0,1,0,0,1,0,0,719,0.0,0.0
0.0,0.0,0.0,0.0,0.0,0.0,0.0,0.0,0.0,0.0,6.009429878295146,1.6094379124341003,0.0,0.0,0.834007625060429,0.5714285714285714,0.0,0,0,0,1,1,1,0,0,0,0,1,0,720,0.0,0.0
1.0,0.0,0.0,0.0,5.392238595388225,10.236306222646958,0.0,0.0,0.0,6.268127876693942,7.082923334554459,0.6931471805599453,1.6094379124341003,2.4849066497880004,1.043195649446816,0.35294117647058826,0.007839392422038788,0,0,0,1,0,0,0,0,1,1,0,0,721,0.0,0.0
1.0,6.0,0.0,0.0,8.504057074990802,6.145337637482282,7.572429496209037,0.0,0.0,0.0,0.007472014838700995,0.6931471805599453,0.0,0.0,0.7786451668043318,1.0,10.59797054702421,0,0,0,0,1,0,1,0,0,1,0,0,722,0.0,0.0
0.0,0.0,0.0,0.0,6.098725755304783,0.0,0.0,0.0,0.0,0.0,0.0,0.0,0.0,0.0,0.0,0.0,0.0,0,1,0,1,1,1,0,1,0,0,0,0,723,0.0,0.0
0.0,0.0,0.0,0.0,4.636983725950406,0.0,0.0,0.0,0.0,0.0,0.0491302425267079,0.0,0.0,0.0,0.019901199773047218,0.5,0.0,0,0,0,1,1,0,1,0,0,0,0,1,724,,
0.0,20.0,0.0,0.0,5.927523942382761,0.0,0.0,0.0,0.0,0.0,7.054067460752494,0.0,0.0,0.0,0.0,0.0,0.0,0,0,0,0,1,0,1,0,0,1,0,0,725,1.0,2.594464286
0.0,0.0,0.0,0.0,7.994323663467675,0.0,0.0,0.0,0.0,5.567848197415368,6.93210567302242,2.0794415416798357,2.3978952727983707,1.0986122886681098,0.8714455226942022,0.4523809523809524,0.0,0,0,0,1,0,0,0,1,0,1,0,0,726,,
1.0,1.0,0.0,0.0,3.910693550694696,10.484847738732634,9.5808747044566,0.0,0.0,0.0,6.579717868942149,0.0,0.0,2.1972245773362196,2.7395842386294156,1.0,0.0013680675419367933,0,0,0,0,1,0,0,1,0,0,0,1,727,,
0.0,0.0,0.0,0.0,7.086568307248433,0.0,0.0,0.0,0.0,0.0,6.096044937021835,0.0,0.0,1.0986122886681098,16.175671447319495,0.6666666666666666,0.0,0,0,0,1,1,0,1,0,0,0,0,1,728,,
1.0,1.0,0.0,0.0,7.641712739913727,0.0,0.0,0.0,0.0,0.0,6.976171650591629,0.0,0.0,2.4849066497880004,0.22529586948495556,0.42857142857142855,0.0,0,0,0,0,0,1,0,0,0,1,0,0,729,0.0,0.0
0.0,0.0,0.0,0.0,5.807330277041615,0.0,0.0,0.0,0.0,0.0,6.485151460078407,0.6931471805599453,0.0,1.0986122886681098,2.0249886989065713,0.75,0.0,0,0,0,1,0,1,0,1,0,0,0,0,730,0.0,0.0
0.0,0.0,0.0,0.0,6.864855233997344,0.0,0.0,0.0,0.0,0.0,6.7887368377013795,1.9459101490553132,0.0,0.0,1.0805587711242632,0.2727272727272727,0.0,0,0,0,1,1,0,0,0,0,0,0,1,731,,
1.0,6.0,0.0,0.0,5.710943676598736,5.853400448417666,10.819666263936224,0.0,0.0,0.0,5.7987809176938505,0.0,1.6094379124341003,1.6094379124341003,0.7322752372125028,0.3333333333333333,0.8668428647076989,0,0,0,0,1,1,1,0,0,1,0,0,732,1.0,3.030178571
1.0,0.0,0.0,0.0,1.90311980700231,9.285446353738315,0.0,0.0,0.0,0.0,0.0,0.0,0.0,0.0,0.0,0.0,0.0005294363319456215,0,0,0,1,1,1,0,0,0,0,0,0,733,,
1.0,0.0,0.0,0.0,4.255769739048771,10.966518936929145,0.0,0.0,0.0,0.0,9.04442610495583,1.9459101490553132,1.791759469228055,3.044522437723423,0.7947636512863681,0.4594594594594595,0.0012005018210586686,0,0,0,1,1,1,0,1,0,0,1,0,734,0.0,0.0
0.0,0.0,0.0,0.0,5.246995876499835,0.0,0.0,0.0,0.0,0.0,5.790836807028791,1.9459101490553132,2.1972245773362196,0.6931471805599453,0.9598485006845896,0.3,0.0,0,0,0,1,1,1,0,0,0,1,0,0,735,1.0,4.37375
0.0,0.0,0.0,0.0,5.6584861996911995,0.0,0.0,0.0,0.0,0.0,8.129504604731395,1.791759469228055,3.295836866004329,2.6390573296152584,0.6833858047155325,0.08333333333333333,0.0,0,0,0,1,1,0,0,0,1,0,0,1,736,0.0,0.0
0.0,0.0,0.0,0.0,8.06346114477723,0.0,0.0,0.0,0.0,0.0,5.880934940801736,0.0,0.0,0.0,0.8840079031714403,0.2857142857142857,0.0,0,0,0,1,1,0,0,1,0,0,0,0,737,0.0,0.0
0.0,0.0,0.0,0.0,7.578035857204777,0.0,0.0,0.0,0.0,0.0,0.020852496578743687,0.0,0.0,0.0,3.0105420607206708e-05,0.3333333333333333,0.0,0,0,0,1,1,1,0,1,0,0,1,0,738,,
1.0,8.0,0.0,1.0,8.616189103103688,0.0,9.192709536803287,0.0,8.260927003010845,0.0,5.017303488190858,0.0,1.3862943611198906,0.0,0.7262863827206019,0.5714285714285714,0.0,0,0,0,0,0,1,0,0,1,1,0,0,739,0.0,0.0
0.0,2.0,0.0,0.0,5.754505010908979,0.0,10.11617924456881,0.0,0.0,0.0,6.0444448996872495,1.0986122886681098,0.0,0.6931471805599453,0.48003015112284514,0.3333333333333333,0.0,0,0,0,0,1,0,0,0,1,0,0,0,740,0.0,0.0
0.0,0.0,0.0,0.0,4.0873858828421215,0.0,0.0,0.0,0.0,0.0,0.0,0.0,0.0,0.0,0.0,0.0,0.0,0,1,0,1,1,1,0,0,1,1,0,0,741,0.0,0.0
0.0,0.0,0.0,0.0,5.593013177878388,0.0,0.0,0.0,0.0,0.0,6.34988858553871,0.0,0.0,0.6931471805599453,1.007075329263251,0.5,0.0,0,0,0,1,1,1,1,0,0,0,1,0,742,0.0,0.0
0.0,0.0,0.0,0.0,7.565122790479959,0.0,0.0,0.0,0.0,0.0,7.370210850049513,1.3862943611198906,3.044522437723423,2.6390573296152584,0.9735030854036936,0.07692307692307693,0.0,0,0,0,1,1,1,0,1,0,0,0,1,743,0.0,0.0
0.0,0.0,0.0,1.0,8.972376422974664,0.0,0.0,0.0,9.111247356994305,0.0,7.168499825491351,1.0986122886681098,2.5649493574615367,2.995732273553991,0.9890748481794417,0.10810810810810811,0.0,0,0,0,1,1,1,1,0,0,0,1,0,744,0.0,0.0
0.0,0.0,0.0,0.0,8.213153197642303,0.0,0.0,0.0,0.0,0.0,6.8057146431974385,1.0986122886681098,0.0,1.3862943611198906,0.8846784359038763,0.3333333333333333,0.0,0,0,0,1,0,1,1,0,0,1,0,0,745,0.0,0.0
0.0,1.0,0.0,0.0,9.707310072667106,0.0,10.800216406615617,0.0,0.0,0.0,0.007117467627020008,0.0,0.0,0.0,0.0,0.0,0.0,0,0,0,0,1,1,0,1,0,0,0,1,746,0.0,0.0
0.0,0.0,0.0,0.0,3.7871398232814557,0.0,0.0,0.0,0.0,7.286504777336997,7.188200694380151,1.3862943611198906,1.3862943611198906,3.2188758248682006,1.0413565351913083,0.5,0.0,0,0,0,1,0,1,1,0,0,0,0,0,747,1.0,0.25
0.0,0.0,0.0,0.0,7.053125070545896,0.0,0.0,0.0,0.0,0.0,2.6437148337275156,0.6931471805599453,0.6931471805599453,0.0,0.20855924653630847,0.625,0.0,0,0,0,1,0,0,0,0,1,0,0,1,748,,
0.0,0.0,0.0,0.0,0.1754527823483424,0.0,0.0,0.0,0.0,0.0,5.941130379190497,1.0986122886681098,0.0,0.0,0.9969225716378443,0.6666666666666666,0.0,0,0,0,1,1,1,1,0,0,0,0,0,749,,
0.0,0.0,0.0,1.0,6.567364876364019,0.0,0.0,0.0,7.970404162850047,0.0,6.910112498555815,0.0,0.6931471805599453,2.6390573296152584,0.7677365299819141,0.17647058823529413,0.0,0,0,0,1,1,0,1,0,0,0,0,1,750,,
0.0,0.0,0.0,0.0,3.6802350559818082,0.0,0.0,0.0,0.0,0.0,6.156775423766559,0.6931471805599453,1.3862943611198906,1.6094379124341003,0.4640541578948039,0.3333333333333333,0.0,0,0,0,1,1,1,0,1,0,0,0,0,751,0.0,0.0
1.0,0.0,0.0,0.0,4.112739803700274,9.594374419329823,0.0,0.0,0.0,0.0,6.942562765275105,0.0,1.0986122886681098,1.3862943611198906,0.8301555974864316,0.42857142857142855,0.004094688082432549,0,0,0,1,1,1,0,1,0,0,0,0,752,,
0.0,0.0,0.0,0.0,9.70250761309632,0.0,0.0,0.0,0.0,0.0,5.376109742122505,0.0,0.0,0.0,0.0,0.0,0.0,0,0,0,1,1,1,1,0,0,1,0,0,753,0.0,0.0
0.0,0.0,0.0,0.0,2.642088445424451,0.0,0.0,0.0,0.0,0.0,6.339983193677428,0.0,0.0,0.0,187.79077760607913,1.0,0.0,0,0,0,1,1,0,1,0,0,0,0,1,754,0.0,0.0
0.0,11.0,0.0,0.0,6.382510120115891,0.0,7.681017252463569,0.0,0.0,0.0,6.431213752828467,0.6931471805599453,0.0,1.3862943611198906,1.0200364342245989,0.3333333333333333,0.0,0,0,0,0,1,1,1,0,0,1,0,0,755,0.0,0.0
0.0,3.0,1.0,1.0,7.486254504381171,0.0,7.750959516631692,6.8748383409670195,8.052901219555801,5.528954201358142,8.396333821517256,1.9459101490553132,3.1780538303479458,2.70805020110221,0.8249977128095701,0.43023255813953487,0.0,0,0,0,0,0,1,1,0,0,0,1,0,756,,
0.0,0.0,0.0,0.0,7.09276904186824,0.0,0.0,0.0,0.0,0.0,7.076987977510993,1.0986122886681098,0.0,1.0986122886681098,1.0586050787287689,0.7142857142857143,0.0,0,0,0,1,1,0,0,1,0,0,1,0,757,1.0,9.939821429
1.0,0.0,0.0,0.0,9.08564347272702,9.119374367563312,0.0,0.0,0.0,0.0,6.556791545985829,1.791759469228055,2.6390573296152584,0.6931471805599453,0.7846031848358155,0.17391304347826086,0.9668280159209377,0,0,0,1,1,1,1,0,0,0,0,0,758,0.0,0.0
0.0,0.0,0.0,0.0,0.5790181749220449,0.0,0.0,0.0,0.0,0.0,6.438636971963001,0.6931471805599453,2.70805020110221,1.791759469228055,2.2069030791519433,0.09523809523809523,0.0,0,0,0,1,0,0,1,0,0,1,0,0,759,,
5.0,0.0,0.0,0.0,9.993095221615738,8.266434323069044,0.0,0.0,0.0,0.0,7.979223673213563,1.6094379124341003,2.5649493574615367,2.1972245773362196,1.4357550710252964,0.32,5.623038724437989,0,0,0,1,1,0,1,0,0,1,0,0,760,,
1.0,0.0,0.0,0.0,4.862817298320656,0.0,0.0,0.0,0.0,0.0,6.596368260739848,1.6094379124341003,2.302585092994046,1.9459101490553132,1.171091576312378,0.3333333333333333,0.0,0,0,0,1,1,0,1,0,0,0,0,0,761,0.0,0.0
0.0,1.0,0.0,0.0,6.983183730561886,0.0,0.0,0.0,0.0,0.0,5.955972445574803,1.3862943611198906,0.0,0.6931471805599453,0.9489886454713493,0.5,0.0,0,0,0,0,1,1,1,0,0,0,1,0,762,0.0,0.0
0.0,0.0,1.0,1.0,8.574174343568483,0.0,0.0,7.3330615293310455,7.975214575222515,0.0,6.782078670894135,0.6931471805599453,0.0,0.6931471805599453,1.4602739345001945,0.7,0.0,0,0,0,1,0,0,0,0,1,0,1,0,763,0.0,0.0
2.0,0.0,0.0,0.0,9.50577960148817,2.2732298414926437,0.0,0.0,0.0,0.0,7.957930965870267,0.0,3.332204510175204,2.4849066497880004,1.1972598523298985,0.07692307692307693,1542.4870853122595,0,0,0,1,1,0,0,1,0,0,0,0,764,0.0,0.0
0.0,0.0,0.0,0.0,1.742969305008623,0.0,0.0,0.0,0.0,0.0,6.224560550857268,0.0,1.791759469228055,1.791759469228055,0.901670117895332,0.36363636363636365,0.0,0,0,0,1,1,0,1,0,0,1,0,0,765,,
0.0,0.0,0.0,0.0,6.212443614816736,0.0,0.0,0.0,0.0,0.0,10.139152892403091,0.0,0.0,1.791759469228055,63.54032811799627,0.8333333333333334,0.0,0,0,0,1,1,1,1,0,0,1,0,0,766,,
2.0,3.0,0.0,0.0,0.0,8.991864748166574,6.052527728272618,0.0,0.0,0.0,7.5724522784879165,0.0,1.6094379124341003,1.791759469228055,0.5616901689017193,0.38461538461538464,0.0,0,0,0,0,1,0,0,1,0,0,0,0,767,1.0,0.686964286
0.0,0.0,1.0,0.0,7.010531672570665,0.0,0.0,6.901140952473621,0.0,0.0,7.6392835347211125,1.0986122886681098,1.9459101490553132,1.3862943611198906,1.199273187380514,0.6,0.0,0,0,0,1,1,1,0,0,0,1,0,0,768,,
1.0,0.0,0.0,0.0,5.584821960168625,8.715756538178056,0.0,0.0,0.0,0.0,0.00676279466702868,0.0,0.0,2.0794415416798357,0.002882287319400849,0.25,0.04352011357748585,0,0,0,1,1,0,1,0,0,1,0,0,769,,
0.0,0.0,0.0,0.0,0.8788855126899282,0.0,0.0,0.0,0.0,0.0,6.026904082147361,0.6931471805599453,0.0,0.6931471805599453,1.0125111518577794,1.0,0.0,0,0,0,1,1,1,1,0,0,1,0,0,770,1.0,1.595357143
0.0,2.0,0.0,0.0,2.924543114671177,0.0,0.0,0.0,0.0,0.0,6.001085085219165,0.6931471805599453,0.0,1.3862943611198906,1.1571881412585787,0.4,0.0,0,0,0,0,1,0,0,0,0,1,0,0,771,0.0,0.0
1.0,1.0,0.0,0.0,5.697487704093453,2.3602473481790684,0.0,0.0,0.0,0.0,5.018943542155601,0.0,0.0,1.6094379124341003,1.0019673677936187,0.6666666666666666,30.97047874182248,0,0,0,0,0,1,0,0,1,0,0,0,772,,
0.0,0.0,0.0,0.0,7.434952019139482,0.0,0.0,0.0,0.0,0.0,0.002496880198587199,1.0986122886681098,1.6094379124341003,0.0,2.6756333510407925e-06,0.1111111111111111,0.0,0,0,0,1,1,0,0,0,1,0,0,0,773,0.0,0.0
0.0,0.0,0.0,2.0,4.431488341998202,0.0,0.0,0.0,5.8252539379148,0.0,7.297486058552864,1.6094379124341003,0.0,1.0986122886681098,1.0214248588352093,0.6666666666666666,0.0,0,0,0,1,0,0,1,0,0,0,0,0,774,0.0,0.0
2.0,1.0,0.0,1.0,4.763656351713965,8.236222925381137,13.269204736944696,0.0,5.62793195961764,0.0,8.260823537672929,1.0986122886681098,1.791759469228055,2.3978952727983707,1.01341475925446,0.6842105263157895,0.030780539302712084,0,0,0,0,0,1,1,0,0,0,1,0,775,1.0,1.996071429
1.0,1.0,0.0,0.0,0.0,9.303732968027784,9.320399399917438,0.0,0.0,0.0,5.9760825628901655,0.0,0.0,2.1972245773362196,1.1580379462723578,0.4444444444444444,0.0,0,0,0,0,1,1,1,0,0,0,0,1,776,0.0,0.0
0.0,0.0,0.0,0.0,6.1853124259329775,0.0,0.0,0.0,0.0,0.0,7.531071290353205,1.3862943611198906,3.044522437723423,2.3978952727983707,1.357814286858916,0.2222222222222222,0.0,0,0,0,1,1,0,0,0,0,0,0,0,777,1.0,0.99125
0.0,0.0,0.0,0.0,8.248650781449983,0.0,0.0,0.0,0.0,0.0,6.159443410166379,0.6931471805599453,1.0986122886681098,1.3862943611198906,1.04465771075619,0.5714285714285714,0.0,0,0,0,1,0,1,0,1,0,0,1,0,778,,
0.0,0.0,0.0,0.0,6.343651309285215,0.0,0.0,0.0,0.0,0.0,7.7620611785979285,2.0794415416798357,2.3978952727983707,0.6931471805599453,0.9161592050507419,0.5178571428571429,0.0,0,0,0,1,0,1,1,0,0,0,1,0,779,,
0.0,0.0,1.0,0.0,5.224722724387157,0.0,0.0,6.465774182345062,0.0,0.0,6.672324042328769,1.791759469228055,0.0,1.791759469228055,1.1172465544932266,0.71875,0.0,0,0,0,1,0,1,0,0,0,0,1,0,780,,
1.0,0.0,0.0,0.0,5.853401473338008,8.252515989810696,0.0,0.0,0.0,0.0,7.5319169221353794,1.0986122886681098,0.6931471805599453,2.5649493574615367,0.621309026730721,0.375,0.09056131652425697,0,0,0,1,1,1,0,1,0,0,0,1,781,,
2.0,2.0,0.0,0.0,5.782831282112973,10.536154632086003,11.142940797466363,0.0,0.0,0.0,4.162881774334307,0.0,3.2188758248682006,0.0,0.18630962810659335,0.12,0.00859665997105029,0,0,0,0,1,1,0,0,1,0,0,0,782,0.0,0.0
0.0,0.0,0.0,0.0,8.469362017178934,0.0,0.0,0.0,0.0,0.0,6.276458187587869,0.0,0.0,1.791759469228055,0.8834159387385373,0.3333333333333333,0.0,0,0,0,1,1,1,1,0,0,0,1,0,783,,
0.0,0.0,0.0,0.0,6.769815817768849,0.0,0.0,0.0,0.0,0.0,6.715878501805391,2.0794415416798357,1.0986122886681098,0.0,0.7313449291638945,0.2,0.0,0,0,0,1,1,0,1,0,0,1,0,0,784,0.0,0.0
0.0,0.0,0.0,0.0,8.77639978337152,0.0,0.0,0.0,0.0,0.0,9.553480025463152,1.3862943611198906,2.4849066497880004,2.1972245773362196,5.603836426595056,0.6666666666666666,0.0,0,0,0,1,0,1,0,0,0,0,0,1,785,,
2.0,0.0,0.0,0.0,6.925175167849623,8.322004260943999,0.0,0.0,0.0,0.0,6.411881015002328,0.0,2.833213344056216,0.0,3.781543090831774,0.17647058823529413,0.24719712849856965,0,0,0,1,1,1,0,0,1,0,0,1,786,,
1.0,1.0,0.0,0.0,7.417013102791799,8.805153118162938,9.595432787571864,0.0,0.0,0.0,6.481896483178004,0.0,0.0,1.791759469228055,0.515362406701748,0.7142857142857143,0.24942645722704854,0,0,0,0,1,1,0,0,1,0,1,0,787,,
1.0,2.0,0.0,0.0,3.637369970832935,8.87357484234878,0.0,0.0,0.0,0.0,0.0017841215082964072,0.0,0.0,0.6931471805599453,0.009293078056357387,0.6666666666666666,0.005181094708682537,0,0,0,0,1,0,0,1,0,1,0,0,788,,
0.0,6.0,0.0,0.0,2.858151878198804,0.0,7.825748703252514,0.0,0.0,0.0,4.7777780505944065,0.0,0.0,0.0,18.850091408970528,1.0,0.0,0,0,0,0,1,1,1,0,0,0,0,0,789,0.0,0.0
0.0,0.0,0.0,0.0,1.6148518022497633,0.0,0.0,0.0,0.0,0.0,7.433778827005973,1.3862943611198906,3.332204510175204,2.1972245773362196,1.314236835940815,0.1282051282051282,0.0,0,0,0,1,0,1,1,0,0,0,1,0,790,1.0,6.080178571
1.0,7.0,1.0,0.0,6.814877638154428,8.210965347286244,9.085259701827868,5.888950175669745,0.0,0.0,6.142970917471457,0.0,2.302585092994046,0.0,0.8955266637293167,0.6111111111111112,0.247359151493218,0,0,0,0,0,0,0,0,0,0,0,0,791,,
0.0,0.0,0.0,0.0,2.3323865842308353,0.0,0.0,0.0,0.0,0.0,6.826334479334236,0.0,0.0,0.0,0.6242366693523907,1.0,0.0,0,0,0,1,1,1,0,0,1,0,1,0,792,1.0,52.61821429
1.0,0.0,0.0,0.0,3.074972461294531,8.295467206380017,0.0,0.0,0.0,0.0,6.851903112500104,0.0,0.6931471805599453,1.791759469228055,0.9319939726121237,0.625,0.005156295927034102,0,0,0,1,1,0,0,1,0,0,0,0,793,0.0,0.0
1.0,1.0,1.0,1.0,5.649733507237841,9.693950806714533,0.0,6.307703489755862,8.35251798918539,0.0,6.394965226989846,0.6931471805599453,2.772588722239781,2.1972245773362196,0.8696196867492753,0.3055555555555556,0.01746283621830439,0,0,0,0,1,0,1,0,0,0,0,1,794,,
0.0,1.0,0.0,0.0,6.2720835652510845,0.0,9.454792362948526,0.0,0.0,0.0,0.00035707923961937285,0.0,0.0,0.0,0.0,0.0,0.0,0,0,0,0,1,0,0,0,1,0,0,0,795,0.0,0.0
0.0,0.0,1.0,1.0,5.513443146867743,0.0,0.0,7.012570788751231,8.441171774471002,0.0,8.602614704024333,2.0794415416798357,3.4657359027997265,3.091042453358316,0.8922951459385506,0.17391304347826086,0.0,0,0,0,1,1,0,0,0,1,1,0,0,796,,
1.0,4.0,0.0,0.0,7.251915742444077,10.184118156593717,8.013555245625712,0.0,0.0,0.0,6.968158699864861,1.0986122886681098,0.0,2.4849066497880004,1.202759727921134,0.5333333333333333,0.05324381056974893,0,0,0,0,1,0,1,0,0,0,1,0,797,,
0.0,0.0,0.0,0.0,4.908243911382632,0.0,0.0,0.0,0.0,0.0,0.0017841215082964072,0.0,0.0,0.0,0.000909090763768595,1.0,0.0,0,0,0,1,1,0,0,0,0,0,1,0,798,,
0.0,0.0,0.0,0.0,6.783465540246265,0.0,0.0,0.0,0.0,0.0,0.0,0.0,0.0,0.0,0.0,0.0,0.0,0,1,0,1,1,1,0,0,1,0,1,0,799,,
0.0,1.0,0.0,0.0,6.495238041510151,0.0,0.0,0.0,0.0,0.0,0.02294893326477676,1.0986122886681098,2.0794415416798357,1.3862943611198906,1.4383726118422437e-05,0.0625,0.0,0,0,0,0,0,1,1,0,0,1,0,0,800,0.0,0.0
0.0,0.0,0.0,0.0,3.3868086441617464,0.0,0.0,0.0,0.0,0.0,0.00071403101916737,1.3862943611198906,1.6094379124341003,0.6931471805599453,2.337514521803158e-06,0.1111111111111111,0.0,0,0,0,1,1,0,1,0,0,0,0,0,801,1.0,51.96553571
1.0,3.0,0.0,0.0,2.0910700958301685,7.881010564528795,9.35780391638343,0.0,0.0,0.0,8.13128015392343,1.9459101490553132,2.302585092994046,2.5649493574615367,0.5619544511303867,0.20689655172413793,0.0026813263484586304,0,0,0,0,1,1,0,1,0,0,0,0,802,0.0,0.0
0.0,0.0,0.0,0.0,0.0,0.0,0.0,0.0,0.0,0.0,5.934235437416199,2.1972245773362196,2.0794415416798357,1.791759469228055,0.6332760430171073,0.05555555555555555,0.0,0,0,0,1,1,1,1,0,0,0,1,0,803,,
1.0,0.0,0.0,0.0,0.0,9.397166470571017,0.0,0.0,0.0,0.0,5.190584992478851,0.0,0.0,0.0,1.642001904868018,0.6666666666666666,0.0,0,0,0,1,1,1,0,0,1,0,1,0,804,0.0,0.0
0.0,0.0,0.0,0.0,0.4808817473929186,0.0,0.0,0.0,0.0,5.874818364988662,6.910051569487897,1.6094379124341003,2.302585092994046,2.3978952727983707,0.634808253847495,0.6666666666666666,0.0,0,0,0,1,0,1,0,1,0,0,1,0,805,0.0,0.0
0.0,0.0,0.0,0.0,0.0,0.0,0.0,0.0,0.0,0.0,5.87783781747018,1.0986122886681098,0.0,0.0,0.991449030294407,1.0,0.0,0,0,0,1,1,0,1,0,0,1,0,0,806,0.0,0.0
0.0,0.0,0.0,0.0,5.550978110306076,0.0,0.0,0.0,0.0,0.0,7.436434783647348,0.0,2.302585092994046,2.4849066497880004,1.1234945716557345,0.13636363636363635,0.0,0,0,0,1,1,1,1,0,0,1,0,0,807,,
1.0,18.0,0.0,0.0,6.41276902364418,4.0347777883746545,0.0,0.0,0.0,0.0,0.03956406093345479,0.0,0.0,0.0,7.93821137744697e-05,0.5,10.959398012976655,0,0,0,0,1,1,0,1,0,1,0,0,808,0.0,0.0
0.0,0.0,0.0,1.0,2.869257556495914,0.0,0.0,0.0,8.100709746668706,0.0,6.960857899701167,1.3862943611198906,3.044522437723423,1.0986122886681098,0.8005525478309936,0.13333333333333333,0.0,0,0,0,1,1,1,1,0,0,0,0,1,809,0.0,0.0
0.0,0.0,0.0,1.0,6.297424976554814,0.0,0.0,0.0,6.83664281585423,0.0,6.725487577897938,1.6094379124341003,1.0986122886681098,1.6094379124341003,1.0231158931698292,0.3076923076923077,0.0,0,0,0,1,0,0,0,1,0,0,1,0,810,0.0,0.0
0.0,0.0,0.0,0.0,7.113848873547948,0.0,0.0,0.0,0.0,0.0,7.078863907707415,0.0,0.0,1.791759469228055,0.8712071908538205,0.42857142857142855,0.0,0,0,0,1,1,1,1,0,0,0,1,0,811,,
0.0,0.0,0.0,0.0,8.748791755280957,0.0,0.0,0.0,0.0,0.0,0.002853069124856589,0.0,0.0,0.0,0.0011428572,0.5,0.0,0,0,0,1,1,1,1,0,0,0,0,1,812,0.0,0.0
1.0,0.0,0.0,0.0,3.0640082216461018,10.2825053384177,0.0,0.0,0.0,5.729844648481486,5.53905241889006,0.0,0.0,0.6931471805599453,18.138316589388438,1.5,0.0006987003016317745,0,0,0,1,0,0,0,1,0,0,1,0,813,,
1.0,1.0,0.0,0.0,7.824018867687919,8.199902310749968,5.73619204099731,0.0,0.0,0.0,7.109429140286956,0.6931471805599453,0.0,2.302585092994046,3.069480023957444,0.36363636363636365,0.6865962801121751,0,0,0,0,1,0,0,1,0,0,0,0,814,0.0,0.0
0.0,0.0,0.0,0.0,8.417294794744775,0.0,0.0,0.0,0.0,0.0,7.010442080850738,0.0,1.9459101490553132,1.0986122886681098,0.9143829003438231,0.25,0.0,0,0,0,1,1,1,1,0,0,0,1,0,815,0.0,0.0
0.0,0.0,0.0,0.0,5.9498963664475815,0.0,0.0,0.0,0.0,0.0,7.18722650223244,0.0,0.0,2.0794415416798357,0.9042730509793531,0.18181818181818182,0.0,0,0,0,1,1,1,0,0,0,0,0,0,816,,
0.0,3.0,0.0,0.0,4.070009177484928,0.0,8.713524250425985,0.0,0.0,0.0,6.882455053304816,0.0,0.0,1.791759469228055,1.8869770983677838,0.8333333333333334,0.0,0,0,0,0,1,1,1,0,0,0,0,1,817,,
0.0,0.0,0.0,0.0,7.231748960561645,0.0,0.0,0.0,0.0,0.0,6.2718097256950935,0.0,1.9459101490553132,2.0794415416798357,1.105038712496365,0.14285714285714285,0.0,0,0,0,1,1,1,0,0,1,0,0,1,818,,
0.0,0.0,1.0,2.0,5.787278553190025,0.0,0.0,1.1786549963416462,8.247476672422343,0.0,6.718154435187579,0.0,1.791759469228055,1.0986122886681098,2.3797030980568366,0.4166666666666667,0.0,0,0,0,1,1,1,1,0,0,0,0,1,819,0.0,0.0
0.0,0.0,0.0,0.0,5.178884086299258,0.0,0.0,0.0,0.0,0.0,5.563837360689484,0.6931471805599453,0.0,1.0986122886681098,1.6344664120992556,1.0,0.0,0,0,0,1,1,0,0,0,1,1,0,0,820,,
1.0,0.0,0.0,0.0,6.961520800745693,2.2147292036132806,0.0,0.0,0.0,0.0,7.657975234659585,1.791759469228055,2.833213344056216,1.9459101490553132,2.15201499857685,0.14285714285714285,129.2126942681136,0,0,0,1,1,1,0,0,1,1,0,0,821,0.0,0.0
1.0,1.0,0.0,0.0,5.709682889918443,11.08619654018545,0.0,0.0,0.0,4.90775054748779,6.400977997276796,0.0,2.772588722239781,1.6094379124341003,0.9801682679870536,0.22727272727272727,0.004608662687622843,0,0,0,0,0,0,0,0,1,0,0,1,822,0.0,0.0
1.0,0.0,0.0,0.0,9.486315677601356,6.58841937318692,0.0,0.0,0.0,0.0,8.075680943192507,0.0,3.8066624897703196,1.791759469228055,0.9232478485612804,0.038461538461538464,18.15956791648812,0,0,0,1,1,0,0,1,0,0,0,0,823,0.0,0.0
1.0,1.0,0.0,0.0,5.825062035965587,7.448503369535317,6.2686768233966,0.0,0.0,0.0,6.690786818862133,0.0,0.0,0.0,83.42049286640727,1.3333333333333333,0.196751092286024,0,0,0,0,1,0,0,1,0,0,0,0,824,0.0,0.0
0.0,0.0,0.0,0.0,3.3868086441617464,0.0,0.0,0.0,0.0,0.0,5.98177669958805,1.0986122886681098,0.0,0.0,0.9168064301624129,0.6666666666666666,0.0,0,0,0,1,1,1,1,0,0,0,0,1,825,0.0,0.0
0.0,1.0,1.0,0.0,0.0,0.0,11.036570002596326,0.0,0.0,0.0,7.3168630306014695,1.9459101490553132,2.8903717578961645,0.6931471805599453,0.9531432267820156,0.4186046511627907,0.0,0,0,0,0,0,0,1,0,0,0,1,0,826,0.0,0.0
0.0,0.0,1.0,0.0,3.915886959334062,0.0,0.0,0.38136755633398195,0.0,0.0,7.468173194270239,1.6094379124341003,0.6931471805599453,2.8903717578961645,1.1905692690030079,0.34615384615384615,0.0,0,0,0,1,0,1,0,1,0,1,0,0,827,0.0,0.0
0.0,0.0,0.0,0.0,0.0,0.0,0.0,0.0,0.0,0.0,4.716014921881208,0.0,0.0,0.0,56.36763639365347,2.0,0.0,0,0,0,1,1,0,1,0,0,0,0,1,828,,
0.0,0.0,1.0,5.0,5.218524032694931,0.0,0.0,1.2073599186721815,7.3182088765279225,0.0,7.276483785974294,1.6094379124341003,2.302585092994046,2.70805020110221,1.248051151370141,0.35294117647058826,0.0,0,0,0,1,1,0,0,0,1,1,0,0,829,,
0.0,0.0,0.0,0.0,3.1073854488348376,0.0,0.0,0.0,0.0,0.0,6.9069999938260995,1.9459101490553132,2.772588722239781,1.0986122886681098,1.0240255753201533,0.08333333333333333,0.0,0,0,0,1,1,1,0,0,0,1,0,0,830,,
0.0,1.0,0.0,0.0,7.273129028368471,0.0,0.0,0.0,0.0,0.0,6.670771300047673,0.0,0.0,1.791759469228055,0.7734612005031873,0.5,0.0,0,0,0,0,1,1,0,1,0,0,1,0,831,1.0,2.024642857
0.0,0.0,0.0,0.0,6.130815690769076,0.0,0.0,0.0,0.0,0.0,6.8860065520899525,0.6931471805599453,0.0,1.9459101490553132,1.0806495044327296,0.16666666666666666,0.0,0,0,0,1,1,0,1,0,0,0,0,1,832,,
0.0,0.0,0.0,0.0,8.012562151205453,0.0,0.0,0.0,0.0,0.0,0.0,0.0,0.0,0.0,0.0,0.0,0.0,0,1,0,1,1,1,1,0,0,0,1,0,833,0.0,0.0
0.0,0.0,0.0,1.0,8.396462538952656,0.0,0.0,0.0,7.609112592475307,0.0,7.775517762203997,1.791759469228055,1.9459101490553132,2.1972245773362196,1.0033827022501474,0.5476190476190477,0.0,0,0,0,1,0,0,1,0,0,1,0,0,834,,
0.0,0.0,0.0,0.0,6.77136551940199,0.0,0.0,0.0,0.0,0.0,5.948597121233144,0.0,0.0,0.0,69.04535482740411,3.0,0.0,0,0,0,1,1,0,0,0,1,0,1,0,835,,
0.0,0.0,0.0,0.0,6.82619460428773,0.0,0.0,0.0,0.0,0.0,0.00035707923961937285,0.0,0.0,0.0,0.00018181825457190082,1.0,0.0,0,0,0,1,1,0,1,0,0,0,1,0,836,1.0,3.416607143
0.0,0.0,0.0,0.0,6.532974033541316,0.0,0.0,0.0,0.0,0.0,4.688746204468383,0.0,0.0,0.6931471805599453,1.3310105911503793,1.0,0.0,0,0,0,1,1,1,0,1,0,0,0,1,837,0.0,0.0
0.0,0.0,0.0,0.0,4.016061218709395,0.0,0.0,0.0,0.0,0.0,6.0302644986765985,0.6931471805599453,2.6390573296152584,1.791759469228055,0.5307433221275792,0.2,0.0,0,0,0,1,0,1,0,0,0,0,0,1,838,0.0,0.0
0.0,0.0,0.0,0.0,6.770510469523171,0.0,0.0,0.0,0.0,0.0,0.00035707923961937285,0.6931471805599453,0.0,0.0,5.263159999778393e-06,1.0,0.0,0,0,0,1,1,1,1,0,0,1,0,0,839,,
0.0,0.0,1.0,0.0,2.7544338439842164,0.0,0.0,0.0,0.0,0.0,5.819281422286951,1.0986122886681098,0.6931471805599453,1.3862943611198906,0.24408175284016942,0.46153846153846156,0.0,0,0,0,1,1,0,0,0,1,1,0,0,840,0.0,0.0
1.0,2.0,0.0,0.0,6.9379532662218075,0.0,0.0,0.0,0.0,0.0,0.00035707923961937285,0.0,0.0,0.0,218.51249673231254,2.5,0.0,0,0,0,0,1,0,0,1,0,0,1,0,841,,
0.0,0.0,0.0,0.0,3.141377496747267,0.0,0.0,0.0,0.0,0.0,0.0,0.0,0.0,0.0,0.0,0.0,0.0,0,0,0,1,1,0,0,1,0,1,0,0,842,,
0.0,0.0,0.0,0.0,4.405847787531549,0.0,0.0,0.0,0.0,0.0,7.6492877798685415,0.6931471805599453,2.1972245773362196,2.4849066497880004,0.9822241243009413,0.17391304347826086,0.0,0,0,0,1,1,0,1,0,0,0,1,0,843,0.0,0.0
0.0,0.0,0.0,0.0,3.1059630532491074,0.0,0.0,0.0,0.0,0.0,6.062790528110352,1.3862943611198906,0.6931471805599453,1.6094379124341003,0.4620549843985668,0.3,0.0,0,0,0,1,1,1,1,0,0,0,1,0,844,,
0.0,0.0,0.0,0.0,6.132509827174685,0.0,0.0,0.0,0.0,0.0,0.0,0.0,0.0,0.0,0.0,0.0,0.0,0,0,0,1,1,0,1,0,0,0,0,0,845,0.0,0.0
1.0,2.0,1.0,0.0,5.416419398875127,1.7918189912899152,9.395524137905454,0.0,0.0,6.327417516254601,9.165940556137912,1.6094379124341003,3.1780538303479458,2.772588722239781,1.0614911486278578,0.19672131147540983,44.81115634183812,0,0,0,0,0,1,0,0,0,1,0,0,846,0.0,0.0
0.0,0.0,0.0,0.0,5.488726665041881,0.0,0.0,0.0,0.0,0.0,0.015592095041130157,0.0,0.0,0.0,0.017600000317184002,1.0,0.0,0,0,0,1,1,1,0,0,0,1,0,0,847,,
0.0,0.0,1.0,0.0,3.927045317555131,0.0,0.0,0.0,0.0,0.0,6.012156134799016,1.9459101490553132,1.6094379124341003,0.0,0.20904052183580207,0.35294117647058826,0.0,0,0,0,1,1,1,1,0,0,0,0,0,848,0.0,0.0
0.0,0.0,0.0,0.0,4.996224817470664,0.0,0.0,0.0,0.0,0.0,4.6834861292000864,1.6094379124341003,0.0,0.0,0.5211918217608694,0.2222222222222222,0.0,0,0,0,1,1,0,0,0,0,0,0,0,849,0.0,0.0
0.0,0.0,0.0,0.0,3.796010722588199,0.0,0.0,0.0,0.0,0.0,7.2395041329742815,0.0,0.0,0.6931471805599453,1.1354084304654812,0.5,0.0,0,0,0,1,1,0,0,1,0,0,0,0,850,0.0,0.0
1.0,0.0,0.0,0.0,6.59842338857149,11.545681276569683,0.0,0.0,0.0,0.0,0.011010589372482798,1.6094379124341003,3.5553480614894135,0.0,8.434389892104436e-06,0.023255813953488372,0.00709324998294353,0,0,0,1,0,0,0,0,0,1,0,0,851,,
0.0,0.0,0.0,0.0,5.880939926773592,0.0,0.0,0.0,0.0,0.0,6.544377821297782,0.0,0.0,1.791759469228055,1.2573989292051422,0.7142857142857143,0.0,0,0,0,1,1,1,1,0,0,0,0,1,852,,
1.0,0.0,0.0,0.0,8.027139962804831,9.855892710958916,0.0,0.0,0.0,0.0,6.4621074808612855,0.6931471805599453,1.0986122886681098,2.302585092994046,0.5846075477911518,0.21428571428571427,0.16056975127667764,0,0,0,1,0,1,0,1,0,0,1,0,853,,
1.0,4.0,0.0,0.0,7.528998019442777,6.747658623526061,5.839466756400964,0.0,0.0,0.0,6.319045974318825,1.0986122886681098,0.6931471805599453,1.3862943611198906,0.7253446418617209,0.42857142857142855,2.1857877474956218,0,0,0,0,0,0,1,0,0,1,0,0,854,,
0.0,1.0,0.0,0.0,3.9131723446846673,0.0,7.066527914525545,0.0,0.0,0.0,6.686672994671685,1.0986122886681098,0.6931471805599453,0.6931471805599453,2.5281615810083893,1.0,0.0,0,0,0,0,1,1,1,0,0,0,1,0,855,0.0,0.0
0.0,1.0,0.0,0.0,6.493922401438635,0.0,9.600923094044546,0.0,0.0,0.0,0.00035707923961937285,0.0,0.0,0.0,0.0,0.0,0.0,0,0,0,0,1,0,0,0,0,1,0,0,856,0.0,0.0
0.0,0.0,0.0,0.0,6.892005833607056,0.0,0.0,0.0,0.0,0.0,6.044433891563577,0.0,0.0,2.1972245773362196,1.1460359924294983,0.2222222222222222,0.0,0,0,0,1,1,0,0,1,0,0,0,1,857,0.0,0.0
0.0,0.0,0.0,0.0,6.494128742486729,0.0,0.0,0.0,0.0,0.0,4.266705966666045,0.0,0.0,0.6931471805599453,3.027723077420503,1.5,0.0,0,0,0,1,1,1,0,0,0,0,0,0,858,0.0,0.0
0.0,0.0,0.0,0.0,5.886196289138729,0.0,0.0,0.0,0.0,0.0,0.007117467627020008,0.0,0.0,0.0,0.0008001600160288109,0.5,0.0,0,0,0,1,1,1,0,0,0,0,1,0,859,0.0,0.0
0.0,0.0,0.0,0.0,5.14148601384231,0.0,0.0,0.0,0.0,0.0,0.00035707923961937285,0.0,0.0,0.0,0.0,0.0,0.0,0,0,0,1,1,1,1,0,0,0,0,0,860,0.0,0.0
0.0,0.0,0.0,0.0,6.603158576400888,0.0,0.0,0.0,0.0,0.0,4.747416616855439,1.6094379124341003,0.0,0.0,1.032261290197711,1.0,0.0,0,0,0,1,1,1,0,1,0,0,0,0,861,,
0.0,0.0,0.0,0.0,1.522478482240667,0.0,0.0,0.0,0.0,0.0,5.539585667720793,1.791759469228055,2.1972245773362196,0.0,1.0928839699420763,0.11764705882352941,0.0,0,0,0,1,1,1,1,0,0,0,0,1,862,,
0.0,0.0,1.0,2.0,3.13274198462146,0.0,0.0,0.7786693541948286,4.171355205368769,0.0,7.391655649669781,2.0794415416798357,2.9444389791664403,2.1972245773362196,0.6210816255257569,0.41818181818181815,0.0,0,0,0,1,0,1,1,0,0,0,1,0,863,0.0,0.0
0.0,0.0,0.0,0.0,3.1985127548973598,0.0,0.0,0.0,0.0,0.0,6.999699084355482,1.3862943611198906,0.0,0.0,1.390167716498264,0.4,0.0,0,0,0,1,0,1,1,0,0,0,0,0,864,1.0,30.69732143
0.0,0.0,0.0,0.0,6.3839505517099715,0.0,0.0,0.0,0.0,0.0,4.838462068354116,1.3862943611198906,0.6931471805599453,1.791759469228055,0.28377153952863915,0.16666666666666666,0.0,0,0,0,1,1,1,0,0,0,0,0,0,865,0.0,0.0
0.0,0.0,0.0,0.0,7.468713430686893,0.0,0.0,0.0,0.0,0.0,7.781706943662995,2.5649493574615367,3.5553480614894135,2.772588722239781,0.8965519776203492,0.07142857142857142,0.0,0,0,0,1,1,1,0,0,0,1,0,0,866,,
0.0,0.0,0.0,0.0,7.001914147190631,0.0,0.0,0.0,0.0,0.0,0.00071403101916737,0.0,1.0986122886681098,1.0986122886681098,3.18869035797036e-06,0.2,0.0,0,0,0,1,0,0,1,0,0,1,0,0,867,0.0,0.0
0.0,2.0,0.0,0.0,0.0,0.0,6.744497841560385,0.0,0.0,0.0,6.923001673769588,0.0,0.0,1.3862943611198906,1.7856261782076888,0.5,0.0,0,0,0,0,1,0,1,0,0,0,1,0,868,,
1.0,3.0,0.0,0.0,5.868810515483083,8.6071894721616,6.7265172777697435,0.0,0.0,0.0,6.3040079897390395,1.0986122886681098,2.5649493574615367,1.9459101490553132,3.8961506005263478,0.23809523809523808,0.06450410669691156,0,0,0,0,1,1,0,0,1,1,0,0,869,0.0,0.0
0.0,0.0,0.0,0.0,4.813049254410122,0.0,0.0,0.0,0.0,5.214749404920315,4.292375412721235,0.0,0.0,0.0,1.3108716247814527,1.0,0.0,0,0,0,1,0,1,0,0,0,0,1,0,870,,
0.0,0.0,1.0,2.0,7.95654975052635,0.0,0.0,4.8131362834459,9.066593096866779,0.0,8.597220887961722,0.6931471805599453,1.0986122886681098,2.1972245773362196,0.9814704976606455,0.3333333333333333,0.0,0,0,0,1,1,0,1,0,0,0,0,1,871,,
0.0,0.0,0.0,0.0,9.530716254577369,0.0,0.0,0.0,0.0,0.0,7.585230652786758,1.3862943611198906,2.4849066497880004,2.3978952727983707,1.192218340462467,0.06896551724137931,0.0,0,0,0,1,1,0,1,0,0,0,0,1,872,1.0,3.346607143
0.0,0.0,0.0,0.0,4.684558833657163,0.0,0.0,0.0,0.0,0.0,9.935408645380543,0.0,3.4657359027997265,3.1780538303479458,0.5866401983007296,0.203125,0.0,0,0,0,1,1,0,1,0,0,0,1,0,873,0.0,0.0
1.0,2.0,0.0,0.0,8.19231014009134,7.396022799580802,7.106328288475035,0.0,0.0,0.0,9.353457208222308,0.0,0.6931471805599453,2.5649493574615367,1.0161508427623551,0.4117647058823529,2.218041070143922,0,0,0,0,0,0,1,0,0,0,1,0,874,0.0,0.0
0.0,0.0,0.0,0.0,3.9384910445279213,0.0,0.0,0.0,0.0,0.0,5.8967642705998236,2.0794415416798357,2.0794415416798357,1.6094379124341003,1.00226989781989,0.15789473684210525,0.0,0,0,0,1,1,1,1,0,0,0,1,0,875,1.0,0.282321429
1.0,0.0,0.0,0.0,8.690979377685007,8.875707891944499,0.0,0.0,0.0,0.0,7.749521182414675,1.3862943611198906,2.70805020110221,1.791759469228055,1.207177417049962,0.4864864864864865,0.8313063737470142,0,0,0,1,0,0,0,1,0,0,1,0,876,,
0.0,0.0,0.0,0.0,7.680094640851363,0.0,0.0,0.0,0.0,0.0,7.1493130989744476,1.0986122886681098,2.0794415416798357,1.0986122886681098,0.965535588221991,0.6153846153846154,0.0,0,0,0,1,1,0,1,0,0,0,0,0,877,0.0,0.0
0.0,22.0,0.0,0.0,7.327089949165614,0.0,6.427836369651348,0.0,0.0,0.0,6.977682713495655,0.0,0.0,0.0,1.000001666933334,1.0,0.0,0,0,0,0,1,0,0,0,0,0,0,1,878,,
0.0,0.0,0.0,0.0,8.261755447484092,0.0,0.0,0.0,0.0,0.0,6.162348171522247,1.0986122886681098,2.302585092994046,1.791759469228055,0.47018429127190264,0.11764705882352941,0.0,0,0,0,1,1,1,1,0,0,0,0,0,879,0.0,0.0
0.0,0.0,0.0,0.0,4.2703765397654,0.0,0.0,0.0,0.0,0.0,2.2130119960726877,1.0986122886681098,2.0794415416798357,0.0,0.1919276094278812,0.2222222222222222,0.0,0,0,0,1,1,0,0,1,0,1,0,0,880,1.0,1.249464286
0.0,0.0,0.0,0.0,8.014714421211313,0.0,0.0,0.0,0.0,0.0,0.0035650665915424205,0.6931471805599453,0.0,0.0,3.318951608369485e-05,0.5,0.0,0,0,0,1,1,1,0,0,1,0,0,1,881,0.0,0.0
1.0,1.0,0.0,0.0,3.9697594267118252,9.85997729370243,9.32439854203733,0.0,0.0,0.0,6.035153285628251,0.0,2.1972245773362196,1.791759469228055,0.4097403028840425,0.21428571428571427,0.0027142921441593764,0,0,0,0,1,1,1,0,0,0,1,0,882,0.0,0.0
0.0,0.0,0.0,0.0,5.468978947173599,0.0,0.0,0.0,0.0,0.0,5.873929025379999,1.0986122886681098,0.0,1.6094379124341003,1.0374830480819668,0.5714285714285714,0.0,0,0,0,1,1,0,1,0,0,1,0,0,883,1.0,2.231964286
0.0,0.0,0.0,0.0,7.719266754678883,0.0,0.0,0.0,0.0,0.0,5.316653582914559,0.0,0.0,2.70805020110221,0.19722575562225675,0.36363636363636365,0.0,0,0,0,1,0,0,1,0,0,0,1,0,884,0.0,0.0
0.0,0.0,0.0,0.0,8.200406908657673,0.0,0.0,0.0,0.0,0.0,6.23234556945624,0.0,1.0986122886681098,1.9459101490553132,1.1635978366348152,0.2,0.0,0,0,0,1,1,1,1,0,0,0,1,0,885,0.0,0.0
1.0,0.0,0.0,0.0,5.135237355555828,11.653344005650577,0.0,0.0,0.0,0.0,7.97280795267996,1.3862943611198906,2.302585092994046,2.4849066497880004,1.8136143331378571,0.24,0.0014677847271327112,0,0,0,1,1,0,1,0,0,0,0,1,886,,
0.0,0.0,0.0,0.0,6.000923243762523,0.0,0.0,0.0,0.0,0.0,7.466188327185163,1.9459101490553132,2.833213344056216,2.4849066497880004,0.9525536965058005,0.10256410256410256,0.0,0,0,0,1,1,0,0,1,0,0,1,0,887,,
0.0,0.0,0.0,0.0,4.931027610730367,0.0,0.0,0.0,0.0,0.0,6.012935949361627,0.6931471805599453,0.0,0.0,1.0515964994602742,0.8,0.0,0,0,0,1,1,0,0,1,0,0,1,0,888,0.0,0.0
0.0,0.0,0.0,0.0,7.848319581124107,0.0,0.0,0.0,0.0,0.0,3.258096538021482,0.6931471805599453,1.0986122886681098,0.0,0.9551098376313276,0.3333333333333333,0.0,0,0,0,1,1,1,1,0,0,0,0,1,889,,
1.0,0.0,0.0,0.0,6.932881247416397,9.724877222214054,0.0,0.0,0.0,0.0,7.24111425586406,0.0,0.0,0.6931471805599453,0.8840842922256106,1.25,0.06124262419359672,0,0,0,1,1,1,1,0,0,0,0,0,890,1.0,8.936964286
0.0,0.0,0.0,0.0,7.032291649673086,0.0,0.0,0.0,0.0,0.0,6.886321128647767,0.0,0.0,2.0794415416798357,2.754903401389004,0.875,0.0,0,0,0,1,0,1,0,0,0,0,0,0,891,,
0.0,0.0,0.0,0.0,0.0,0.0,0.0,0.0,0.0,6.464814690990771,6.41305723714441,1.3862943611198906,0.0,1.6094379124341003,0.7778161092345908,0.25,0.0,0,0,0,1,0,1,1,0,0,0,1,0,892,0.0,0.0
0.0,0.0,0.0,0.0,1.2438457771154896,0.0,0.0,0.0,0.0,0.0,6.867466996179109,0.0,0.0,2.772588722239781,0.5414528708324269,0.5294117647058824,0.0,0,0,0,1,1,1,0,1,0,1,0,0,893,,
0.0,0.0,1.0,2.0,5.874882575479096,0.0,0.0,0.5389965005660203,7.688637101828964,0.0,7.617024828379375,1.3862943611198906,2.4849066497880004,2.995732273553991,0.985483213789056,0.2619047619047619,0.0,0,0,0,1,0,1,0,0,1,0,0,0,894,,
1.0,0.0,0.0,0.0,6.906721530548294,10.196086988290247,0.0,0.0,0.0,0.0,6.1438391608059755,1.3862943611198906,0.0,0.6931471805599453,0.882042146729955,1.0,0.037241569696352235,0,0,0,1,1,0,0,0,0,0,0,0,895,0.0,0.0
0.0,0.0,0.0,0.0,7.464360007367137,0.0,0.0,0.0,0.0,0.0,6.034612976339224,0.6931471805599453,0.0,1.0986122886681098,0.652167583122616,0.5,0.0,0,0,0,1,1,1,0,0,0,0,1,0,896,0.0,0.0
1.0,3.0,0.0,0.0,0.5626723364993551,8.931709452112521,8.781533798400876,0.0,0.0,0.0,5.876758914323763,0.0,0.0,2.0794415416798357,1.0666555149608006,0.5714285714285714,9.982000778643936e-05,0,0,0,0,1,0,0,1,0,0,1,0,897,,
1.0,2.0,0.0,0.0,7.916770643375766,7.468257816496057,6.335711330432561,0.0,0.0,0.0,0.003920874316342243,0.0,0.0,0.0,1.0960000002321453,2.0,1.5663048831725983,0,0,0,0,1,0,0,0,0,1,0,0,898,0.0,0.0
0.0,0.0,0.0,0.0,6.975354513541448,0.0,0.0,0.0,0.0,0.0,6.002830071399393,0.6931471805599453,0.6931471805599453,0.0,1.0053148144000197,0.5,0.0,0,0,0,1,1,1,0,1,0,1,0,0,899,,
0.0,0.0,0.0,0.0,2.097491934464288,0.0,0.0,0.0,0.0,0.0,4.2826550936960635,0.0,1.0986122886681098,0.6931471805599453,2.0924717010518252,0.6666666666666666,0.0,0,0,0,1,1,1,0,1,0,0,0,1,900,0.0,0.0
0.0,0.0,1.0,1.0,5.043300685306987,0.0,0.0,6.892424068570877,9.159307532404174,6.690582261381298,6.984754679567717,1.3862943611198906,1.3862943611198906,1.791759469228055,0.6868066173672179,0.5172413793103449,0.0,0,0,0,1,0,0,1,0,0,1,0,0,901,1.0,0.144821429
0.0,0.0,0.0,0.0,9.509202420195477,0.0,0.0,0.0,0.0,0.0,5.880985796994999,0.6931471805599453,1.0986122886681098,0.0,3.7245959037236376,0.5,0.0,0,0,0,1,1,0,1,0,0,0,0,1,902,,
0.0,0.0,0.0,0.0,6.030034292899132,0.0,0.0,0.0,0.0,0.0,5.880939926773592,0.0,0.6931471805599453,0.0,2.688916374898862,2.0,0.0,0,0,0,1,1,1,1,0,0,0,0,1,903,1.0,4.637857143
0.0,0.0,0.0,0.0,8.231999829154606,0.0,0.0,0.0,0.0,0.0,0.007826436391207467,0.6931471805599453,2.302585092994046,1.3862943611198906,1.2002994420222776e-05,0.07142857142857142,0.0,0,0,0,1,1,0,0,0,0,0,0,1,904,0.0,0.0
0.0,0.0,0.0,0.0,8.497000323642146,0.0,0.0,0.0,0.0,0.0,6.354128396647233,0.0,0.0,0.6931471805599453,0.9039383607079073,1.0,0.0,0,0,0,1,1,1,1,0,0,0,0,0,905,1.0,1.761071429
0.0,0.0,0.0,0.0,3.9460378840154235,0.0,0.0,0.0,0.0,0.0,5.0968173591351045,2.4849066497880004,1.791759469228055,0.0,0.5790995614939481,0.2222222222222222,0.0,0,0,0,1,1,1,0,0,0,1,0,0,906,0.0,0.0
0.0,0.0,0.0,0.0,6.6586810946370285,0.0,0.0,0.0,0.0,0.0,5.285393135819946,0.0,0.0,1.791759469228055,2.0146849815384615,0.6,0.0,0,0,0,1,1,1,0,0,1,0,0,1,907,1.0,2.288392857
0.0,0.0,0.0,0.0,10.899953954751584,0.0,0.0,0.0,0.0,0.0,0.18380854567779142,0.0,0.0,0.0,0.10272727259676033,1.0,0.0,0,0,0,1,1,1,1,0,0,0,0,1,908,0.0,0.0
0.0,0.0,0.0,1.0,1.7423441097147359,0.0,0.0,0.0,8.364740236404973,0.0,6.605609103919534,0.6931471805599453,0.0,1.6094379124341003,1.7509810605119887,0.5,0.0,0,0,0,1,0,1,0,0,0,0,0,0,909,,
1.0,0.0,1.0,0.0,8.009281057314409,7.047956565700999,0.0,6.834608383292596,0.0,0.0,7.015171430372358,1.3862943611198906,3.4965075614664802,1.791759469228055,0.8499597369728407,0.2608695652173913,2.616563024855916,0,0,0,1,1,1,1,0,0,0,0,0,910,,
0.0,0.0,0.0,0.0,1.4485982444224883,0.0,0.0,0.0,0.0,0.0,7.210993317060092,1.3862943611198906,3.044522437723423,2.772588722239781,0.47012900361256904,0.1,0.0,0,0,0,1,0,0,0,0,0,0,0,0,911,1.0,1.269642857
0.0,0.0,0.0,0.0,1.5033628557748677,0.0,0.0,0.0,0.0,0.0,7.353885569316152,0.0,1.791759469228055,1.791759469228055,0.999439410548585,0.21428571428571427,0.0,0,0,0,1,1,1,0,1,0,0,0,0,912,,
0.0,1.0,0.0,0.0,7.6513580727476995,0.0,8.984278011454796,0.0,0.0,0.0,2.727876170609618,0.0,0.0,0.0,7.280181817786207,2.0,0.0,0,0,0,0,1,1,1,0,0,0,0,0,913,0.0,0.0
0.0,0.0,0.0,2.0,1.283015011665889,0.0,0.0,0.0,9.438911225604912,0.0,8.762306152464996,1.3862943611198906,2.3978952727983707,0.6931471805599453,0.9164601935361045,0.23076923076923078,0.0,0,0,0,1,1,1,1,0,0,0,0,0,914,0.0,0.0
0.0,1.0,0.0,0.0,3.53899051357811,0.0,9.523783545006072,0.0,0.0,5.17388526608401,6.327814327303141,0.6931471805599453,0.0,2.1972245773362196,0.8410856129662797,0.2,0.0,0,0,0,0,0,1,0,1,0,0,0,1,915,1.0,3.490535714
1.0,5.0,1.0,0.0,8.98092806123292,6.320716263040867,7.842570650894132,7.081529398623886,0.0,6.154967278289144,6.999776614644475,0.0,1.3862943611198906,2.3978952727983707,1.706501059670452,0.375,14.323281330587927,0,0,0,0,0,0,0,1,0,0,1,0,916,,
1.0,1.0,0.0,0.0,2.3080700232246154,5.25910493900043,0.0,0.0,0.0,0.0,6.4566950845029565,1.3862943611198906,1.3862943611198906,2.0794415416798357,0.49657852236377714,0.35714285714285715,0.047331732837053817,0,0,0,0,1,0,1,0,0,0,0,1,917,0.0,0.0
0.0,0.0,0.0,0.0,6.962056082127937,0.0,0.0,0.0,0.0,0.0,0.0014275515632253602,0.0,0.0,0.6931471805599453,3.5056957055214726e-05,0.5,0.0,0,0,0,1,1,1,1,0,0,0,0,0,918,0.0,0.0
0.0,0.0,0.0,0.0,5.5413097625217596,0.0,0.0,0.0,0.0,0.0,6.801959748052219,1.6094379124341003,2.0794415416798357,2.1972245773362196,0.9907156728217952,0.34615384615384615,0.0,0,0,0,1,0,0,1,0,0,0,0,0,919,,
0.0,0.0,0.0,0.0,4.72623987777931,0.0,0.0,0.0,0.0,0.0,7.20531881531185,1.791759469228055,1.6094379124341003,2.0794415416798357,1.0158043067749822,0.2,0.0,0,0,0,1,1,1,1,0,0,0,1,0,920,0.0,0.0
0.0,0.0,0.0,0.0,7.898409501276727,0.0,0.0,0.0,0.0,0.0,5.736720903856072,2.3978952727983707,2.302585092994046,0.0,1.0210853609147847,0.15789473684210525,0.0,0,0,0,1,1,0,1,0,0,0,0,1,921,0.0,0.0
0.0,0.0,0.0,0.0,7.583146465253048,0.0,0.0,0.0,0.0,0.0,0.018751654629594824,0.0,0.6931471805599453,0.0,0.004412989076064146,0.3333333333333333,0.0,0,0,0,1,1,0,1,0,0,0,0,1,922,0.0,0.0
0.0,0.0,0.0,0.0,4.575631026366629,0.0,0.0,0.0,0.0,0.0,7.017637662965954,1.0986122886681098,0.0,0.0,1.0128326065832371,0.4,0.0,0,0,0,1,1,0,0,1,0,0,0,1,923,,
0.0,0.0,1.0,0.0,5.836421802926272,0.0,0.0,6.133591702551453,0.0,0.0,11.11110298049577,0.0,3.044522437723423,2.833213344056216,1.0582460323510483,0.2222222222222222,0.0,0,0,0,1,0,0,1,0,0,0,1,0,924,0.0,0.0
0.0,0.0,0.0,0.0,6.270881080727753,0.0,0.0,0.0,0.0,0.0,6.160153421178322,1.0986122886681098,0.0,0.6931471805599453,1.0052442823492063,0.75,0.0,0,0,0,1,1,1,1,0,0,0,0,0,925,,
0.0,0.0,0.0,0.0,7.959206825301762,0.0,0.0,0.0,0.0,0.0,7.171532555447037,1.3862943611198906,0.0,2.1972245773362196,0.9505328948982036,0.3333333333333333,0.0,0,0,0,1,0,1,0,0,1,0,0,1,926,0.0,0.0
1.0,1.0,0.0,0.0,7.548996383231507,8.040957037555916,8.270231165504192,0.0,0.0,0.0,8.148491624990472,0.0,0.0,2.1972245773362196,2.8939645536309815,1.0,0.6113012611037065,0,0,0,0,1,0,1,0,0,0,0,1,927,1.0,9.385714286
0.0,26.0,0.0,0.0,9.26818678520138,0.0,11.153076995866043,0.0,0.0,0.0,7.898924329074421,0.0,1.6094379124341003,1.6094379124341003,1.0958606780131546,0.42857142857142855,0.0,0,0,0,0,1,0,0,0,1,0,0,0,928,0.0,0.0
0.0,0.0,0.0,0.0,5.677278371164807,0.0,0.0,0.0,0.0,0.0,0.00035707923961937285,0.0,0.0,0.0,0.0,0.0,0.0,0,0,0,1,1,1,0,0,1,0,1,0,929,,
2.0,0.0,0.0,0.0,6.745468255415632,8.322338305235592,0.0,0.0,0.0,0.0,0.028865080118587096,0.0,0.0,0.0,0.843818181940919,2.0,0.2064279406007689,0,0,0,1,1,0,1,0,0,0,1,0,930,0.0,0.0
0.0,0.0,0.0,0.0,9.24483068363202,0.0,0.0,0.0,0.0,0.0,5.8933229519527375,2.5649493574615367,2.302585092994046,0.6931471805599453,1.0123005399724974,0.18181818181818182,0.0,0,0,0,1,1,1,1,0,0,1,0,0,931,,
1.0,7.0,0.0,0.0,8.026805963717658,8.927765663242875,7.657789011236422,0.0,0.0,0.0,0.010657294756673529,0.0,0.0,1.6094379124341003,0.001501635143258102,0.3333333333333333,0.40610087905534725,0,0,0,0,1,0,0,0,0,0,1,0,932,0.0,0.0
0.0,0.0,0.0,0.0,7.393794162337872,0.0,0.0,0.0,0.0,0.0,7.257610018409905,0.6931471805599453,2.70805020110221,1.6094379124341003,2.444888259709416,0.2631578947368421,0.0,0,0,0,1,0,0,0,0,0,0,1,0,933,,
0.0,0.0,1.0,1.0,7.386994919039969,0.0,0.0,6.564219655292673,8.09030969561582,0.0,6.811491752076842,2.1972245773362196,1.6094379124341003,1.791759469228055,1.0424539070556664,0.1724137931034483,0.0,0,0,0,1,0,1,0,0,1,1,0,0,934,0.0,0.0
0.0,0.0,0.0,0.0,7.796458816633676,0.0,0.0,0.0,0.0,0.0,6.468325193497269,1.3862943611198906,0.0,1.791759469228055,0.9795378476735926,0.6190476190476191,0.0,0,0,0,1,0,0,0,1,0,1,0,0,935,1.0,2.344821429
0.0,0.0,0.0,0.0,7.587959415556917,0.0,0.0,0.0,0.0,0.0,0.00071403101916737,0.0,0.0,0.0,0.00021052639999113572,1.0,0.0,0,0,0,1,1,1,0,0,0,0,0,0,936,,
0.0,0.0,0.0,0.0,5.89327173448203,0.0,0.0,0.0,0.0,0.0,5.937732190361545,0.6931471805599453,0.0,1.9459101490553132,0.8730787628248057,0.25,0.0,0,0,0,1,1,1,0,1,0,1,0,0,937,0.0,0.0
1.0,2.0,0.0,0.0,2.149059217902317,10.87320702060813,0.0,0.0,0.0,0.0,6.1080579865864335,1.0986122886681098,2.302585092994046,1.9459101490553132,0.9531135198987833,0.17647058823529413,0.0001436545642662434,0,0,0,0,1,1,0,1,0,0,0,0,938,0.0,0.0
0.0,0.0,0.0,0.0,7.6881356274759485,0.0,0.0,0.0,0.0,0.0,5.149989286024568,0.0,0.0,0.0,1.0042534054445684,1.0,0.0,0,0,0,1,1,1,0,1,0,0,1,0,939,1.0,1.585
0.0,0.0,0.0,0.0,0.0,0.0,0.0,0.0,0.0,0.0,6.716471971065811,0.0,3.6109179126442243,1.3862943611198906,0.9493088920671813,0.075,0.0,0,0,0,1,1,1,0,0,0,0,0,0,940,,
0.0,0.0,0.0,0.0,8.404566819461467,0.0,0.0,0.0,0.0,0.0,0.0,0.0,0.0,0.0,0.0,0.0,0.0,0,1,0,1,1,1,1,0,0,1,0,0,941,0.0,0.0
2.0,3.0,0.0,0.0,7.952409070728524,10.232754595408013,0.0,0.0,0.0,0.0,5.371987615164787,0.0,0.0,1.3862943611198906,1.300885010316367,0.75,0.10221657554966106,0,0,0,0,1,1,1,0,0,1,0,0,942,0.0,0.0
0.0,0.0,1.0,0.0,6.103450654328084,0.0,0.0,0.7786693541948286,0.0,0.0,5.33256522736845,1.0986122886681098,2.4849066497880004,0.6931471805599453,0.9724442839397266,0.13333333333333333,0.0,0,0,0,1,1,0,0,0,0,0,1,0,943,0.0,0.0
0.0,0.0,0.0,0.0,6.640776921711807,0.0,0.0,0.0,0.0,0.0,0.00035707923961937285,0.0,0.0,0.0,0.0,0.0,0.0,0,0,0,1,1,1,1,0,0,0,1,0,944,1.0,15.77892857
0.0,0.0,0.0,0.0,6.021043286772134,0.0,0.0,0.0,0.0,0.0,6.080015734938511,0.6931471805599453,0.0,0.0,1.0127756116793771,1.0,0.0,0,0,0,1,1,0,1,0,0,0,0,0,945,,
1.0,1.0,1.0,0.0,9.193367683038488,7.493892568300767,7.032542931154184,1.2110902720522467,0.0,0.0,0.03129100402602753,0.0,0.0,0.0,25.540151514881224,1.75,5.473564367466938,0,0,0,0,1,1,0,1,0,0,0,1,946,0.0,0.0
0.0,0.0,0.0,0.0,7.180957305248086,0.0,0.0,0.0,0.0,0.0,3.603175663496873,0.6931471805599453,1.6094379124341003,0.0,0.9992106316546131,0.3333333333333333,0.0,0,0,0,1,1,1,1,0,0,1,0,0,947,0.0,0.0
0.0,0.0,0.0,3.0,7.8539067092701735,0.0,0.0,0.0,9.47373377669713,0.0,6.818026316627417,0.6931471805599453,0.0,0.0,1.0791558139869506,0.6,0.0,0,0,0,1,1,1,1,0,0,0,0,1,948,,
1.0,0.0,1.0,0.0,6.5435690324225915,6.248351613884142,0.0,6.263037653389464,0.0,0.0,8.000132335596982,1.0986122886681098,2.70805020110221,2.4849066497880004,0.53241830080277,0.2631578947368421,1.3440837447154086,0,0,0,1,0,0,0,1,0,0,1,0,949,,
0.0,0.0,0.0,0.0,3.748570867450287,0.0,0.0,0.0,0.0,0.0,5.390409712400652,0.0,0.0,1.6094379124341003,0.7387026014211605,0.4,0.0,0,0,0,1,1,0,1,0,0,0,0,1,950,1.0,0.601428571
1.0,0.0,1.0,0.0,5.827076224324053,11.449950391517802,0.0,3.4450547647259318,0.0,0.0,6.8320845479258026,1.6094379124341003,2.3978952727983707,2.4849066497880004,0.8222665499159972,0.43243243243243246,0.00360362661706582,0,0,0,1,0,1,0,0,1,0,0,1,951,,
0.0,0.0,0.0,1.0,4.295982322335551,0.0,0.0,0.0,7.278428537838009,0.0,5.004780090465284,0.6931471805599453,0.0,0.6931471805599453,0.9123948842677656,0.7142857142857143,0.0,0,0,0,1,1,0,0,0,1,0,0,1,952,1.0,1.189821429
1.0,0.0,0.0,0.0,7.319000790985627,7.319569001258223,0.0,0.0,0.0,0.0,6.786299659375133,0.0,1.3862943611198906,2.0794415416798357,0.6375197377509931,0.2222222222222222,0.9994315745761951,0,0,0,1,1,0,0,1,0,0,0,0,953,0.0,0.0
1.0,0.0,0.0,0.0,3.5133135974034877,7.287423832046291,0.0,0.0,0.0,0.0,6.24189525174237,0.6931471805599453,0.0,2.302585092994046,0.6046041867146422,0.3333333333333333,0.022288667654709746,0,0,0,1,1,1,0,0,1,0,0,0,954,,
0.0,0.0,0.0,0.0,8.049498551681333,0.0,0.0,0.0,0.0,0.0,5.525455784944468,0.0,0.0,1.3862943611198906,1.0140841399448437,0.3333333333333333,0.0,0,0,0,1,1,0,0,0,0,1,0,0,955,1.0,13.05678571
0.0,0.0,0.0,0.0,8.192127057142052,0.0,0.0,0.0,0.0,0.0,7.154253126472387,0.6931471805599453,1.6094379124341003,2.4849066497880004,1.0313649428834177,0.48148148148148145,0.0,0,0,0,1,0,1,0,1,0,0,1,0,956,0.0,0.0
2.0,0.0,0.0,0.0,4.842661739456158,8.531158365652388,0.0,0.0,0.0,6.500269201540467,7.186561920563716,1.0986122886681098,2.0794415416798357,2.3978952727983707,1.3820203482204192,0.2,0.02481724076734038,0,0,0,1,0,0,0,0,1,0,0,0,957,,
0.0,0.0,1.0,0.0,6.476224830787938,0.0,0.0,6.240151916634246,0.0,0.0,8.105935553151596,1.0986122886681098,2.5649493574615367,2.3978952727983707,3.234847229634207,0.3,0.0,0,0,0,1,1,0,0,1,0,1,0,0,958,,
0.0,0.0,0.0,0.0,5.231637506914103,0.0,0.0,0.0,0.0,0.0,0.00035707923961937285,0.0,0.0,0.0,0.0,0.0,0.0,0,0,0,1,1,0,1,0,0,0,0,0,959,,
0.0,0.0,0.0,0.0,6.246756471237527,0.0,0.0,0.0,0.0,0.0,0.0,0.6931471805599453,0.0,0.0,0.0,0.0,0.0,0,0,0,1,1,1,0,0,0,1,0,0,960,0.0,0.0
0.0,0.0,0.0,0.0,5.53076181570122,0.0,0.0,0.0,0.0,0.0,4.836284741074446,0.0,0.0,0.0,0.969102336474792,0.6666666666666666,0.0,0,0,0,1,1,0,0,0,0,0,0,1,961,0.0,0.0
0.0,0.0,0.0,0.0,7.487152085576914,0.0,0.0,0.0,0.0,0.0,0.0,0.0,0.0,0.0,0.0,0.0,0.0,0,1,0,1,1,0,0,1,0,0,1,0,962,0.0,0.0
1.0,1.0,0.0,0.0,9.269441279175938,11.384325878742805,8.515674753372469,0.0,0.0,0.0,8.460415108511896,0.0,0.0,1.9459101490553132,9.837201486111178,0.7142857142857143,0.12063721107180828,0,0,0,0,1,0,0,0,1,0,1,0,963,0.0,0.0
0.0,0.0,0.0,0.0,7.802604344100503,0.0,0.0,0.0,0.0,5.8464439360270655,7.712303746645645,0.6931471805599453,1.9459101490553132,2.3978952727983707,0.8003073670099567,0.5428571428571428,0.0,0,0,0,1,0,1,0,1,0,1,0,0,964,0.0,0.0
0.0,0.0,1.0,0.0,5.768469422278017,0.0,0.0,0.7786693541948286,0.0,0.0,6.184745178483548,2.0794415416798357,2.772588722239781,2.3978952727983707,0.4323252225623675,0.2564102564102564,0.0,0,0,0,1,0,1,0,1,0,0,0,1,965,,
0.0,0.0,0.0,0.0,6.167963381164756,0.0,0.0,0.0,0.0,0.0,0.0,0.0,0.0,0.0,0.0,0.0,0.0,0,0,0,1,1,1,1,0,0,0,0,1,966,0.0,0.0
0.0,0.0,0.0,0.0,6.7887481015448445,0.0,0.0,0.0,0.0,0.0,8.438948752853836,0.0,0.0,2.6390573296152584,0.717120081478166,0.6,0.0,0,0,0,1,1,0,1,0,0,0,0,1,967,,
0.0,0.0,0.0,0.0,5.069149006215552,0.0,0.0,0.0,0.0,0.0,6.020370396902079,1.0986122886681098,3.044522437723423,0.6931471805599453,1.4058343407777167,0.07692307692307693,0.0,0,0,0,1,0,1,1,0,0,0,1,0,968,,
0.0,0.0,0.0,0.0,9.28930944843701,0.0,0.0,0.0,0.0,0.0,7.3272986785876135,0.0,3.091042453358316,2.3978952727983707,2.7018456412937755,0.0625,0.0,0,0,0,1,1,1,0,0,0,0,0,0,969,0.0,0.0
1.0,10.0,0.0,0.0,3.4524109109185526,9.421317988710982,0.0,0.0,0.0,0.0,6.546172905139774,0.6931471805599453,0.0,0.0,2.1339956519883483,4.0,0.002476255838230275,0,0,0,0,1,1,1,0,0,0,0,1,970,0.0,0.0
0.0,0.0,0.0,0.0,3.3868086441617464,0.0,0.0,0.0,0.0,0.0,5.820993918540683,0.0,2.302585092994046,1.3862943611198906,1.1549334816967674,0.15384615384615385,0.0,0,0,0,1,1,1,0,1,0,1,0,0,971,0.0,0.0
1.0,0.0,0.0,0.0,7.930905730665758,8.138299556952573,0.0,0.0,0.0,0.0,6.878476890962849,1.3862943611198906,0.6931471805599453,2.70805020110221,1.0373360318773106,0.3684210526315789,0.812644791779939,0,0,0,1,1,0,1,0,0,1,0,0,972,,
0.0,0.0,0.0,0.0,7.399293009921428,0.0,0.0,0.0,0.0,0.0,0.0010708554296057233,0.0,0.6931471805599453,0.0,4.629631482053041e-05,1.0,0.0,0,0,0,1,1,0,1,0,0,0,1,0,973,1.0,0.686428571
0.0,0.0,0.0,0.0,8.748187672015177,0.0,0.0,0.0,0.0,0.0,5.795733121483243,0.6931471805599453,0.0,0.0,1.0186408522825219,1.0,0.0,0,0,0,1,1,0,0,1,0,0,1,0,974,,
0.0,0.0,0.0,0.0,4.454874565827122,0.0,0.0,0.0,0.0,0.0,7.9510787075756495,1.0986122886681098,0.6931471805599453,1.3862943611198906,0.867669795688074,0.2857142857142857,0.0,0,0,0,1,1,1,0,1,0,0,0,1,975,,
1.0,3.0,0.0,0.0,2.883802609320471,7.532107272442857,9.149936150007417,0.0,0.0,0.0,6.217753859523346,0.0,0.0,1.6094379124341003,2.187739353488372,0.75,0.009047063104602508,0,0,0,0,1,0,0,1,0,0,0,1,976,,
0.0,0.0,0.0,0.0,7.878651072264627,0.0,0.0,0.0,0.0,0.0,4.282600854555594,1.0986122886681098,0.6931471805599453,0.6931471805599453,0.9385705570427788,0.25,0.0,0,0,0,1,1,1,0,1,0,1,0,0,977,1.0,1.429642857
1.0,3.0,0.0,0.0,4.947616887044057,10.541916774920235,0.0,0.0,0.0,0.0,0.5404537715642415,0.0,0.0,0.0,0.0005723750000786188,1.5,0.003692693585562744,0,0,0,0,1,1,1,0,0,0,0,0,978,,
1.0,0.0,0.0,0.0,9.84677501422009,6.933436252738754,0.0,0.0,0.0,0.0,5.888782979584315,2.1972245773362196,0.0,0.0,1.2332399366548255,0.29411764705882354,18.43518309866358,0,0,0,1,1,1,1,0,0,0,0,1,979,0.0,0.0
0.0,0.0,0.0,0.0,4.591360990728389,0.0,0.0,0.0,0.0,0.0,5.730564656396686,0.6931471805599453,0.6931471805599453,1.9459101490553132,0.7410607497368742,0.3,0.0,0,0,0,1,1,0,0,1,0,1,0,0,980,0.0,0.0
0.0,0.0,0.0,0.0,7.921351601049925,0.0,0.0,0.0,0.0,0.0,0.00035707923961937285,0.6931471805599453,0.0,0.0,2.5000009992499996e-05,1.0,0.0,0,0,0,1,1,1,1,0,0,1,0,0,981,0.0,0.0
0.0,0.0,0.0,0.0,7.503576642404995,0.0,0.0,0.0,0.0,0.0,0.009596661388802302,0.6931471805599453,1.3862943611198906,2.4849066497880004,5.3421656335688635e-06,0.05555555555555555,0.0,0,0,0,1,1,0,0,0,1,1,0,0,982,0.0,0.0
1.0,2.0,0.0,0.0,6.138205958183855,6.960385679045336,0.0,0.0,0.0,0.0,7.763087967511076,0.6931471805599453,0.6931471805599453,2.1972245773362196,4.461986988220402,0.45454545454545453,0.4389403875446327,0,0,0,0,1,1,0,1,0,1,0,0,983,,
0.0,0.0,0.0,0.0,6.956568912399973,0.0,0.0,0.0,0.0,0.0,11.500029417250113,2.302585092994046,3.1354942159291497,3.1780538303479458,2.2043960704752616,0.12698412698412698,0.0,0,0,0,1,1,1,1,0,0,1,0,0,984,0.0,0.0
0.0,0.0,0.0,0.0,4.079230924412053,0.0,0.0,0.0,0.0,5.110030193396745,5.805071498830016,0.6931471805599453,0.0,0.0,1.6644631802471774,1.0,0.0,0,0,0,1,0,0,1,0,0,1,0,0,985,0.0,0.0
0.0,0.0,1.0,0.0,6.153395848598733,0.0,0.0,5.514919569818824,0.0,0.0,5.454258279807874,0.0,0.0,0.0,0.9813636426937233,0.7368421052631579,0.0,0,0,0,1,0,0,0,0,0,0,1,0,986,,
0.0,0.0,0.0,0.0,3.096708190893993,0.0,0.0,0.0,0.0,0.0,6.87877877144512,1.3862943611198906,2.833213344056216,1.791759469228055,0.5891626662416902,0.19230769230769232,0.0,0,0,0,1,1,0,1,0,0,0,0,0,987,,
0.0,0.0,0.0,0.0,6.560850310170939,0.0,0.0,0.0,0.0,0.0,6.02034177173992,0.6931471805599453,1.0986122886681098,1.3862943611198906,1.0592149193833338,0.2857142857142857,0.0,0,0,0,1,1,0,0,1,0,0,0,0,988,0.0,0.0
0.0,0.0,0.0,0.0,6.658143074510168,0.0,0.0,0.0,0.0,0.0,6.541046490540212,1.9459101490553132,3.332204510175204,1.3862943611198906,0.704516085888684,0.08108108108108109,0.0,0,0,0,1,1,1,0,1,0,0,0,1,989,0.0,0.0
1.0,0.0,0.0,0.0,5.206671892150459,10.020992247681608,0.0,0.0,0.0,0.0,8.19560010903715,0.0,0.0,1.0986122886681098,1.0082648403730843,0.8333333333333334,0.008068635868411684,0,0,0,1,1,0,0,0,0,0,0,1,990,0.0,0.0
0.0,0.0,0.0,0.0,3.6547777592212825,0.0,0.0,0.0,0.0,0.0,7.667193016530599,1.9459101490553132,3.1780538303479458,2.833213344056216,0.9833241210207717,0.06382978723404255,0.0,0,0,0,1,1,1,1,0,0,1,0,0,991,,
0.0,0.0,0.0,0.0,7.493385056140017,0.0,0.0,0.0,0.0,0.0,5.133280563984267,0.6931471805599453,0.6931471805599453,0.0,1.6863272598079169,3.0,0.0,0,0,0,1,1,1,0,0,0,1,0,0,992,0.0,0.0
1.0,3.0,0.0,0.0,1.1135009011618604,8.594555474821696,0.0,0.0,0.0,0.0,7.798945322274238,0.0,2.5649493574615367,2.5649493574615367,0.6881785167151145,0.28,0.0003786218692843737,0,0,0,0,1,0,0,0,0,0,0,0,993,1.0,0.274642857
0.0,0.0,0.0,2.0,7.747429972871732,0.0,0.0,0.0,6.246990926046775,0.0,5.829787700018098,0.0,0.0,0.0,0.989961712066666,0.8,0.0,0,0,0,1,1,1,1,0,0,0,0,0,994,,
0.0,0.0,0.0,0.0,5.683242003840428,0.0,0.0,0.0,0.0,0.0,0.00035707923961937285,0.0,0.0,0.0,0.00018181825457190082,1.0,0.0,0,0,0,1,1,0,0,0,0,1,0,0,995,0.0,0.0
0.0,0.0,0.0,0.0,8.64658421199269,0.0,0.0,0.0,0.0,0.0,5.327879636259298,2.6390573296152584,1.6094379124341003,0.0,0.8968080619887077,0.1,0.0,0,0,0,1,1,0,1,0,0,0,0,0,996,,
2.0,0.0,0.0,0.0,5.615628887046859,9.1295552339611,0.0,0.0,0.0,0.0,6.3092726152855985,1.3862943611198906,1.6094379124341003,1.0986122886681098,0.1843344200113006,0.4166666666666667,0.029674562264982184,0,0,0,1,1,0,0,0,1,1,0,0,997,0.0,0.0
0.0,0.0,1.0,0.0,7.798307894657443,0.0,0.0,5.495625760075622,0.0,0.0,7.055968673964903,1.3862943611198906,1.9459101490553132,2.70805020110221,0.932227136958272,0.2857142857142857,0.0,0,0,0,1,0,1,1,0,0,0,0,0,998,0.0,0.0
0.0,0.0,0.0,0.0,3.307030595500779,0.0,0.0,0.0,0.0,0.0,4.123677957669857,1.3862943611198906,0.6931471805599453,0.0,1.0688332077887173,0.4,0.0,0,0,0,1,1,0,1,0,0,1,0,0,999,,
0.0,0.0,0.0,0.0,10.931945945274887,0.0,0.0,0.0,0.0,0.0,5.969417026924246,1.0986122886681098,0.0,0.0,0.20008733867253864,0.5,0.0,0,0,0,1,1,1,0,1,0,0,0,0,1000,0.0,0.0
0.0,0.0,0.0,0.0,6.572908221042355,0.0,0.0,0.0,0.0,6.274488241583151,7.1725610658911805,1.6094379124341003,1.3862943611198906,1.791759469228055,2.1333750709765984,0.13333333333333333,0.0,0,0,0,1,0,1,0,1,0,0,0,0,1001,0.0,0.0
0.0,0.0,1.0,0.0,4.753787215661269,0.0,0.0,0.0,0.0,0.0,6.540487180317521,1.6094379124341003,2.302585092994046,2.0794415416798357,0.9144061425579119,0.47619047619047616,0.0,0,0,0,1,0,0,0,0,1,1,0,0,1002,,
0.0,0.0,0.0,0.0,8.1509114331672,0.0,0.0,0.0,0.0,0.0,2.727012139170495,0.0,0.0,0.0,0.0,0.0,0.0,0,0,0,1,1,0,0,0,0,0,0,0,1003,0.0,0.0
0.0,0.0,0.0,0.0,7.653891788200048,0.0,0.0,0.0,0.0,0.0,4.683466314202415,0.0,0.0,0.0,0.3517334365096878,0.5,0.0,0,0,0,1,1,1,0,0,1,0,1,0,1004,,
0.0,0.0,1.0,1.0,2.8465898646249066,0.0,0.0,1.2110902720522467,6.891779050262726,0.0,7.385723534964027,1.6094379124341003,1.6094379124341003,2.4849066497880004,1.0408220572621019,0.5961538461538461,0.0,0,0,0,1,0,1,1,0,0,1,0,0,1005,0.0,0.0
0.0,0.0,0.0,0.0,0.0,0.0,0.0,0.0,0.0,0.0,6.8157977940699945,1.0986122886681098,1.791759469228055,2.302585092994046,0.9589762962641174,0.25,0.0,0,0,0,1,1,1,1,0,0,0,0,1,1006,0.0,0.0
1.0,4.0,0.0,0.0,3.8533112849612547,0.00071403101916737,0.0,0.0,0.0,0.0,8.754161031160308,1.0986122886681098,0.0,1.3862943611198906,16.699328449704144,1.0,64608.47415461035,0,0,0,0,1,0,1,0,0,0,0,1,1007,,
2.0,4.0,0.0,0.0,5.311094321011228,8.601772756830814,0.0,0.0,0.0,0.0,9.179077048906043,0.0,0.0,2.302585092994046,4.092549059708887,1.0909090909090908,0.03705161324861847,0,0,0,0,1,0,1,0,0,0,1,0,1008,,
1.0,0.0,0.0,0.0,4.317049922344571,0.3210477666064621,0.0,0.0,0.0,0.0,5.607383011164421,0.6931471805599453,0.0,1.791759469228055,1.0910093055456556,0.7142857142857143,195.38490544673405,0,0,0,1,1,1,1,0,0,0,0,1,1009,,
0.0,0.0,0.0,0.0,8.455561223171713,0.0,0.0,0.0,0.0,0.0,7.22435222260994,2.1972245773362196,2.302585092994046,1.3862943611198906,1.04192688464497,0.125,0.0,0,0,0,1,1,0,0,1,0,0,0,0,1010,,
0.0,0.0,0.0,0.0,5.885672390806735,0.0,0.0,0.0,0.0,0.0,5.8291609306051715,1.0986122886681098,1.3862943611198906,1.0986122886681098,1.109073938595049,0.2222222222222222,0.0,0,0,0,1,1,0,1,0,0,1,0,0,1011,1.0,2.005357143
0.0,0.0,0.0,0.0,1.3184169387168048,0.0,0.0,0.0,0.0,0.0,6.510579292435193,0.6931471805599453,0.0,1.3862943611198906,0.9993640328405421,0.4,0.0,0,0,0,1,1,0,0,0,0,0,1,0,1012,0.0,0.0
0.0,0.0,0.0,0.0,6.09615269395155,0.0,0.0,0.0,0.0,0.0,0.0,0.6931471805599453,0.0,0.0,0.0,0.0,0.0,0,0,0,1,1,0,0,0,0,0,1,0,1013,,
0.0,0.0,0.0,0.0,9.212499076296512,0.0,0.0,0.0,0.0,0.0,6.788898542114853,1.9459101490553132,0.0,1.791759469228055,0.8746277378849217,0.125,0.0,0,0,0,1,1,1,1,0,0,0,0,1,1014,0.0,0.0
1.0,0.0,0.0,0.0,6.678916073933345,7.576914718933576,0.0,0.0,0.0,0.0,4.924626011932756,0.0,2.4849066497880004,2.995732273553991,0.07064000700636203,0.0967741935483871,0.40708050762184717,0,0,0,1,1,1,1,0,0,1,0,0,1015,0.0,0.0
0.0,0.0,0.0,1.0,6.854513470947944,0.0,0.0,0.0,5.95561065983032,0.0,6.622880215591622,1.0986122886681098,0.0,1.9459101490553132,1.0471337317052414,0.25,0.0,0,0,0,1,0,1,0,0,1,1,0,0,1016,0.0,0.0
0.0,0.0,0.0,0.0,6.807535100568894,0.0,0.0,0.0,0.0,0.0,0.004987541511039074,1.0986122886681098,2.302585092994046,0.0,4.2356215764413225e-05,0.08333333333333333,0.0,0,0,0,1,1,1,0,1,0,0,1,0,1017,0.0,0.0
0.0,0.0,0.0,1.0,7.245609978132943,0.0,0.0,0.0,7.1542969468515585,0.0,7.374607967348537,1.9459101490553132,3.295836866004329,1.0986122886681098,0.8081451217697753,0.15789473684210525,0.0,0,0,0,1,1,1,1,0,0,1,0,0,1018,1.0,2.641785714
0.0,0.0,0.0,0.0,5.82444495864527,0.0,0.0,0.0,0.0,0.0,6.454306431389231,2.1972245773362196,3.258096538021482,1.791759469228055,0.8739441060214,0.04081632653061224,0.0,0,0,0,1,1,0,0,0,0,0,0,0,1019,0.0,0.0
0.0,0.0,0.0,0.0,5.488785707577654,0.0,0.0,0.0,0.0,0.0,0.0017841215082964072,0.0,0.0,0.0,0.0,0.0,0.0,0,0,0,1,1,1,0,0,0,0,1,0,1020,0.0,0.0
0.0,0.0,0.0,0.0,7.83925814578934,0.0,0.0,0.0,0.0,0.0,0.012069723946187194,0.0,0.0,0.0,0.0,0.0,0.0,0,0,0,1,1,1,1,0,0,0,0,0,1021,,
0.0,0.0,1.0,0.0,5.931142837112254,0.0,0.0,6.962433854284816,0.0,0.0,6.5699341329315315,1.3862943611198906,3.1354942159291497,1.6094379124341003,1.0446747418126587,0.23529411764705882,0.0,0,0,0,1,1,1,0,0,1,1,0,0,1022,0.0,0.0
0.0,0.0,0.0,0.0,7.978582616204716,0.0,0.0,0.0,0.0,0.0,5.880948901571971,1.0986122886681098,2.4849066497880004,2.3978952727983707,0.4109743914007056,0.08333333333333333,0.0,0,0,0,1,1,0,0,1,0,0,1,0,1023,0.0,0.0
0.0,0.0,0.0,0.0,5.268064323377016,0.0,0.0,0.0,0.0,0.0,5.190618802561896,1.0986122886681098,0.0,0.0,1.636736497294899,0.6666666666666666,0.0,0,0,0,1,1,1,0,1,0,0,0,0,1024,,
0.0,0.0,0.0,2.0,8.623259022540621,0.0,0.0,0.0,9.222513054348166,6.56299932695258,7.383151707163266,1.6094379124341003,2.302585092994046,1.791759469228055,0.7490183831963704,0.2727272727272727,0.0,0,0,0,1,0,1,0,1,0,0,0,0,1025,0.0,0.0
0.0,0.0,0.0,0.0,5.9662117552152285,0.0,0.0,0.0,0.0,0.0,0.0,0.0,0.0,0.0,0.0,0.0,0.0,0,1,0,1,1,1,0,0,1,1,0,0,1026,,
0.0,0.0,0.0,0.0,8.569048517174563,0.0,0.0,0.0,0.0,0.0,6.1734110335718535,0.0,2.5649493574615367,1.791759469228055,1.0347407505672457,0.1111111111111111,0.0,0,0,0,1,1,0,0,1,0,0,1,0,1027,0.0,0.0
0.0,0.0,0.0,0.0,5.732809466579664,0.0,0.0,0.0,0.0,0.0,5.976284736042542,0.6931471805599453,1.3862943611198906,0.6931471805599453,1.0349979306556176,0.3333333333333333,0.0,0,0,0,1,1,0,1,0,0,0,0,0,1028,,
0.0,0.0,0.0,0.0,1.3646328642657186,0.0,0.0,0.0,0.0,6.830756980039945,6.468613347617382,0.0,1.3862943611198906,1.0986122886681098,2.3622599459540137,0.3333333333333333,0.0,0,0,0,1,0,1,0,0,1,0,1,0,1029,1.0,1.217142857
1.0,0.0,0.0,0.0,8.994224612406516,10.533973563031688,0.0,0.0,0.0,0.0,6.340487161514796,0.0,2.3978952727983707,2.0794415416798357,1.035987593057361,0.21052631578947367,0.21441401875695879,0,0,0,1,1,0,1,0,0,0,0,1,1030,0.0,0.0
0.0,0.0,0.0,1.0,5.160570981022793,0.0,0.0,0.0,7.836199288093751,0.0,6.229924487189876,1.3862943611198906,0.6931471805599453,0.0,0.8667801824768346,0.2727272727272727,0.0,0,0,0,1,1,1,1,0,0,0,0,1,1031,,
0.0,0.0,0.0,0.0,7.01738740829401,0.0,0.0,0.0,0.0,0.0,0.0,0.0,0.0,0.0,0.0,0.0,0.0,0,1,0,1,1,1,0,1,0,1,0,0,1032,0.0,0.0
1.0,3.0,0.0,0.0,5.270804844246912,9.282171744571148,0.0,0.0,0.0,0.0,0.008888946992467265,0.0,0.0,0.0,1.9484201996219281,2.0,0.018017233685416422,0,0,0,0,1,1,0,0,0,0,0,1,1033,1.0,1.129107143
0.0,0.0,0.0,0.0,5.073728575127279,0.0,0.0,0.0,0.0,0.0,4.122527013195892,1.0986122886681098,1.791759469228055,0.6931471805599453,1.406137303510136,0.2222222222222222,0.0,0,0,0,1,1,1,0,0,1,0,0,1,1034,0.0,0.0
1.0,1.0,0.0,0.0,4.6596752811670665,8.443723323261617,9.622145009403742,0.0,0.0,0.0,6.827730219977862,0.6931471805599453,0.0,1.791759469228055,2.693980198202729,0.5714285714285714,0.022520091116696648,0,0,0,0,1,0,1,0,0,0,1,0,1035,0.0,0.0
1.0,0.0,0.0,0.0,6.709733255212347,10.37851496983748,0.0,0.0,0.0,0.0,6.171835542167675,0.0,0.0,0.0,246.1192727485264,4.0,0.02547722524468298,0,0,0,1,1,0,0,0,1,0,0,0,1036,0.0,0.0
0.0,0.0,1.0,0.0,8.072297754034867,0.0,0.0,0.5389965005660203,0.0,0.0,6.6830515826493535,0.0,0.6931471805599453,2.5649493574615367,0.9874449877926197,0.44,0.0,0,0,0,1,0,0,0,1,0,0,0,1,1037,,
0.0,0.0,0.0,0.0,3.333479207760071,0.0,0.0,0.0,0.0,0.0,0.0060530721390623975,0.0,0.0,0.0,0.0,0.0,0.0,0,0,0,1,1,1,1,0,0,0,1,0,1038,0.0,0.0
0.0,0.0,0.0,0.0,1.1342781559011423,0.0,0.0,0.0,0.0,0.0,5.930066802962608,0.6931471805599453,0.0,1.3862943611198906,1.1284810400313021,0.8,0.0,0,0,0,1,0,0,0,1,0,1,0,0,1039,,
1.0,4.0,0.0,0.0,8.050840375593829,9.664222264079886,8.21055156487017,0.0,0.0,0.0,7.937799095735913,0.0,0.0,1.3862943611198906,3.4976970602575688,1.3333333333333333,0.1991618923886573,0,0,0,0,1,1,0,1,0,0,0,0,1040,1.0,1.4325
0.0,1.0,1.0,0.0,3.1480700867024236,0.0,12.09274956036749,3.463501265043053,0.0,0.0,8.3997079595619,1.0986122886681098,2.0794415416798357,1.3862943611198906,1.0643350637179414,0.7096774193548387,0.0,0,0,0,0,0,1,0,1,0,0,0,0,1041,0.0,0.0
0.0,0.0,0.0,0.0,9.52145521301634,0.0,0.0,0.0,0.0,0.0,7.427845000771655,2.1972245773362196,3.713572066704308,2.8903717578961645,0.7145908892734614,0.3645833333333333,0.0,0,0,0,1,0,1,0,1,0,1,0,0,1042,1.0,0.916785714
0.0,0.0,0.0,1.0,6.491615181025387,0.0,0.0,0.0,8.662565021081651,0.0,7.5887644480296474,1.791759469228055,0.0,2.302585092994046,0.8965131373976819,0.6756756756756757,0.0,0,0,0,1,0,0,0,1,0,0,0,0,1043,0.0,0.0
2.0,1.0,0.0,0.0,4.444347296342434,11.1462491429983,10.729822332192873,0.0,0.0,0.0,7.454700314333272,1.6094379124341003,2.3978952727983707,1.3862943611198906,1.209509093371787,0.2222222222222222,0.0012141613332166262,0,0,0,0,1,0,0,0,0,1,0,0,1044,0.0,0.0
0.0,0.0,0.0,0.0,6.1536524843338585,0.0,0.0,0.0,0.0,0.0,4.683558778983318,0.0,0.0,1.3862943611198906,0.23157586001017985,0.42857142857142855,0.0,0,0,0,1,0,1,0,1,0,0,0,0,1045,0.0,0.0
0.0,0.0,0.0,0.0,8.689996257434007,0.0,0.0,0.0,0.0,0.0,5.371971026267492,0.0,0.0,0.0,1.3697948052974829,0.5,0.0,0,0,0,1,1,1,0,1,0,0,0,0,1046,0.0,0.0
1.0,2.0,0.0,0.0,2.454355390815824,8.097760452743238,9.006188632694123,0.0,0.0,0.0,0.01277519162976655,0.0,0.0,1.3862943611198906,0.023567818022145273,0.5,0.0032375564810187985,0,0,0,0,1,0,1,0,0,0,0,0,1047,,
0.0,0.0,0.0,0.0,7.556162084122021,0.0,0.0,0.0,0.0,0.0,6.59342215365713,0.6931471805599453,0.0,0.0,1.3473916199538107,0.6666666666666666,0.0,0,0,0,1,0,0,0,1,0,1,0,0,1048,0.0,0.0
0.0,0.0,0.0,0.0,5.799277702186624,0.0,0.0,0.0,0.0,0.0,0.007826436391207467,0.0,0.0,0.0,4.141488376530899e-05,0.3333333333333333,0.0,0,0,0,1,1,1,1,0,0,0,0,1,1049,,
0.0,5.0,0.0,0.0,4.743275477744643,0.0,7.9661936766072206,0.0,0.0,0.0,6.011621628489654,1.6094379124341003,0.0,1.791759469228055,0.8304359260207088,0.16666666666666666,0.0,0,0,0,0,1,1,1,0,0,0,1,0,1050,,
0.0,0.0,1.0,1.0,0.0,0.0,0.0,5.058912855161131,5.740438087610086,0.0,7.36791665867746,0.6931471805599453,0.6931471805599453,2.302585092994046,0.9968239940069848,0.5517241379310345,0.0,0,0,0,1,0,1,1,0,0,0,1,0,1051,,
0.0,0.0,0.0,0.0,0.823548680363628,0.0,0.0,0.0,0.0,0.0,3.603165935723175,0.0,0.0,0.0,0.0,0.0,0.0,0,0,0,1,1,1,1,0,0,0,1,0,1052,1.0,1.541428571
0.0,0.0,0.0,0.0,4.683453103985834,0.0,0.0,0.0,0.0,0.0,7.417216758526342,1.0986122886681098,0.0,2.6390573296152584,1.1021984786439385,0.15789473684210525,0.0,0,0,0,1,1,1,0,0,1,1,0,0,1053,0.0,0.0
0.0,0.0,0.0,0.0,7.002177727596975,0.0,0.0,0.0,0.0,0.0,7.388517124905864,0.6931471805599453,2.3978952727983707,2.1972245773362196,0.8535781799265353,0.09523809523809523,0.0,0,0,0,1,1,1,0,0,0,0,0,0,1054,,
0.0,0.0,0.0,0.0,6.732972803244396,0.0,0.0,0.0,0.0,0.0,8.976438983452036,1.3862943611198906,0.6931471805599453,1.6094379124341003,7.702220199001272,0.4166666666666667,0.0,0,0,0,1,1,1,0,0,0,0,0,0,1055,1.0,0.516428571
0.0,0.0,0.0,0.0,5.651102254018644,0.0,0.0,0.0,0.0,0.0,0.021551796607192458,0.0,0.0,0.0,0.024370754785954817,1.0,0.0,0,0,0,1,1,0,0,0,0,0,0,1,1056,1.0,10.52714286
1.0,4.0,0.0,0.0,7.303675214529426,5.453510869731676,7.102440564746079,0.0,0.0,0.0,1.5521114171516104,0.0,0.0,0.0,0.0,0.0,6.3839146823328035,0,0,0,0,1,0,0,1,0,0,0,0,1057,,
1.0,1.0,0.0,0.0,6.069227184935176,8.803682606484863,8.352332783266194,0.0,0.0,0.0,6.322272173109481,0.6931471805599453,0.0,1.0986122886681098,1.2418676856070185,0.75,0.06478890753446526,0,0,0,0,1,1,0,0,1,0,1,0,1058,0.0,0.0
1.0,4.0,0.0,0.0,6.709489427640768,7.50496821004677,5.353549322987722,0.0,0.0,0.0,6.776795678520448,1.3862943611198906,1.0986122886681098,2.302585092994046,1.3337977780779726,0.42857142857142855,0.45106297368323245,0,0,0,0,1,1,1,0,0,1,0,0,1059,1.0,1.368928571
0.0,0.0,0.0,0.0,6.453158635989188,0.0,0.0,0.0,0.0,0.0,5.063049269719276,0.6931471805599453,2.0794415416798357,0.0,1.0904328252034998,0.5555555555555556,0.0,0,0,0,1,1,1,1,0,0,1,0,0,1060,0.0,0.0
0.0,0.0,0.0,0.0,7.732256483356161,0.0,0.0,0.0,0.0,0.0,7.488146809938755,0.0,0.6931471805599453,2.70805020110221,0.6087085565762788,0.1111111111111111,0.0,0,0,0,1,1,1,0,0,0,1,0,0,1061,0.0,0.0
1.0,0.0,0.0,0.0,2.1549547759900216,9.832800031655962,0.0,0.0,0.0,0.0,0.0,0.0,0.0,0.0,0.0,0.0,0.00040933108512047293,0,0,0,1,1,0,0,1,0,0,0,0,1062,0.0,0.0
0.0,0.0,0.0,1.0,5.677258811715843,0.0,0.0,0.0,8.32295566355315,0.0,5.726383470446136,0.0,0.0,0.0,1.7992992285949236,1.0,0.0,0,0,0,1,0,1,0,0,0,0,0,1,1063,,
0.0,1.0,1.0,0.0,3.2131164140566826,0.0,10.861589005978818,0.0,0.0,0.0,6.9750156509581345,1.0986122886681098,1.9459101490553132,2.0794415416798357,1.0801560977614486,0.55,0.0,0,0,0,0,1,1,1,0,0,0,1,0,1064,,
0.0,0.0,0.0,1.0,7.280170197041373,0.0,0.0,0.0,5.889859866408034,0.0,6.971342901596475,1.0986122886681098,0.0,1.791759469228055,1.5489273885894543,0.5384615384615384,0.0,0,0,0,1,0,0,0,0,0,0,1,0,1065,0.0,0.0
0.0,3.0,0.0,1.0,3.7182215200057773,0.0,0.0,0.0,8.218586038074124,0.0,7.112052927816992,0.0,0.0,2.302585092994046,1.5002828636718635,0.46153846153846156,0.0,0,0,0,0,1,1,0,0,1,1,0,0,1066,0.0,0.0
0.0,0.0,0.0,1.0,8.246661586378679,0.0,0.0,0.0,8.32588739695078,0.0,6.736336357554445,2.0794415416798357,1.3862943611198906,1.6094379124341003,0.8534817197883382,0.23076923076923078,0.0,0,0,0,1,1,0,0,1,0,0,0,1,1067,0.0,0.0
0.0,0.0,1.0,0.0,8.007534862429864,0.0,0.0,6.92936614396012,0.0,0.0,7.712224189850804,1.3862943611198906,1.9459101490553132,1.791759469228055,1.2175545309291353,0.32,0.0,0,0,0,1,1,1,0,1,0,0,0,0,1068,0.0,0.0
0.0,0.0,0.0,0.0,9.404160241573852,0.0,0.0,0.0,0.0,0.0,6.589937461640071,1.0986122886681098,0.0,1.791759469228055,0.2895565990085424,0.2,0.0,0,0,0,1,1,1,0,1,0,0,1,0,1069,,
0.0,0.0,0.0,0.0,5.18072962432065,0.0,0.0,0.0,0.0,0.0,7.091728744789465,1.0986122886681098,0.6931471805599453,1.9459101490553132,0.9763152634721486,0.5909090909090909,0.0,0,0,0,1,0,1,0,0,0,1,0,0,1070,1.0,9.376964286
0.0,0.0,1.0,2.0,3.9962394087653745,0.0,0.0,2.1015174934314373,8.596946956303674,0.0,8.491459839259273,0.0,1.3862943611198906,2.995732273553991,0.9725373999941493,0.6530612244897959,0.0,0,0,0,1,0,0,0,1,0,0,0,0,1071,,
2.0,0.0,0.0,0.0,7.641372734936417,8.583840380687144,0.0,0.0,0.0,0.0,5.996724794963604,0.0,1.6094379124341003,1.3862943611198906,1.306748972282093,0.375,0.3895508744742393,0,0,0,1,1,1,0,1,0,0,1,0,1072,,
0.0,3.0,1.0,0.0,0.0,0.0,8.03663393277873,0.9986604003501205,0.0,0.0,7.426498475879227,0.0,2.8903717578961645,2.70805020110221,1.0018114927962172,0.20588235294117646,0.0,0,0,0,0,1,0,0,0,0,0,0,0,1073,,
0.0,0.0,0.0,0.0,7.105894819226501,0.0,0.0,0.0,0.0,0.0,3.110335656356689,0.0,0.0,0.6931471805599453,1.0067114092603937,0.5,0.0,0,0,0,1,1,1,0,0,0,1,0,0,1074,,
0.0,0.0,0.0,0.0,6.93019622970301,0.0,0.0,0.0,0.0,0.0,6.977696367435921,0.0,0.0,0.0,1.247000386626392,0.5,0.0,0,0,0,1,1,0,1,0,0,0,1,0,1075,0.0,0.0
1.0,0.0,0.0,0.0,4.968820743961164,10.947367431763876,0.0,0.0,0.0,0.0,6.226273365258413,0.6931471805599453,0.0,1.3862943611198906,0.7453782815740306,1.2,0.002514944113164183,0,0,0,1,1,0,0,0,0,1,0,0,1076,,
1.0,3.0,0.0,0.0,6.885022770946095,7.57898326510716,0.0,0.0,0.0,0.0,11.137046622318724,1.3862943611198906,3.2188758248682006,3.091042453358316,0.751624029628638,0.14545454545454545,0.49933762970356144,0,0,0,0,1,1,1,0,0,0,0,0,1077,,
0.0,0.0,0.0,0.0,4.720044232858585,0.0,0.0,0.0,0.0,0.0,6.539476535903227,2.3978952727983707,3.4011973816621555,0.6931471805599453,0.9870800190204907,0.06,0.0,0,0,0,1,1,0,1,0,0,0,0,1,1078,0.0,0.0
0.0,0.0,0.0,0.0,8.370058012083707,0.0,0.0,0.0,0.0,0.0,5.644785396567481,0.0,0.0,0.0,0.0,0.0,0.0,0,0,0,1,1,1,1,0,0,1,0,0,1079,0.0,0.0
0.0,0.0,0.0,0.0,8.299170079746892,0.0,0.0,0.0,0.0,0.0,0.0,0.0,0.0,0.0,0.0,0.0,0.0,0,0,0,1,1,0,0,1,0,0,1,0,1080,,
0.0,0.0,0.0,0.0,1.8473293204053882,0.0,0.0,0.0,0.0,0.0,6.1283543564637375,0.0,0.0,0.0,2.761806858411277,1.0,0.0,0,0,0,1,1,0,1,0,0,0,0,1,1081,0.0,0.0
0.0,0.0,0.0,0.0,7.910632404853441,0.0,0.0,0.0,0.0,0.0,7.728161723363682,2.0794415416798357,1.9459101490553132,2.3978952727983707,1.1673916210139677,0.3,0.0,0,0,0,1,1,1,0,0,0,0,1,0,1082,,
0.0,1.0,0.0,0.0,3.77549119765659,0.0,6.633516721909361,0.0,0.0,0.0,6.982140916797467,0.0,0.0,0.0,0.9976444589813385,0.5,0.0,0,0,0,0,1,0,1,0,0,0,0,0,1083,0.0,0.0
0.0,0.0,0.0,0.0,6.273038718564414,0.0,0.0,0.0,0.0,0.0,5.539681061141804,1.6094379124341003,2.0794415416798357,0.0,0.34648798779522016,0.13333333333333333,0.0,0,0,0,1,1,1,0,0,0,0,1,0,1084,0.0,0.0
0.0,0.0,0.0,1.0,0.42922813689944594,0.0,0.0,0.0,7.233968953887644,0.0,7.955378612911599,1.6094379124341003,2.1972245773362196,1.6094379124341003,1.0890119196746235,0.5588235294117647,0.0,0,0,0,1,0,1,1,0,0,0,1,0,1085,1.0,3.763928571
0.0,0.0,0.0,0.0,7.806603339703733,0.0,0.0,0.0,0.0,0.0,5.967157217392881,0.6931471805599453,1.0986122886681098,0.0,0.9860757891637235,0.5,0.0,0,0,0,1,1,0,1,0,0,0,0,0,1086,,
1.0,18.0,0.0,0.0,0.0,0.0,8.212910081106955,0.0,0.0,0.0,7.265137722583948,0.0,0.6931471805599453,0.0,0.9481645602325738,1.5,0.0,0,0,0,0,1,1,1,0,0,0,0,0,1087,1.0,8.805892857
0.0,0.0,0.0,0.0,7.658976267974974,0.0,0.0,0.0,0.0,0.0,7.4522758689665025,0.6931471805599453,1.0986122886681098,1.6094379124341003,3.4068086900083885,0.5,0.0,0,0,0,1,1,1,1,0,0,0,0,0,1088,,
0.0,0.0,0.0,0.0,8.852034149225366,0.0,0.0,0.0,0.0,0.0,6.715778113631731,0.6931471805599453,0.0,2.5649493574615367,0.5359976481003426,0.14285714285714285,0.0,0,0,0,1,1,1,1,0,0,0,1,0,1089,,
0.0,0.0,0.0,0.0,5.251134035730166,0.0,0.0,0.0,0.0,0.0,6.682289390253675,0.6931471805599453,0.0,2.6390573296152584,1.0370801970469516,0.26666666666666666,0.0,0,0,0,1,0,0,1,0,0,0,0,0,1090,,
1.0,26.0,0.0,0.0,2.0927455072885777,0.008888946992467265,0.0,0.0,0.0,0.0,8.743949181370002,1.0986122886681098,0.0,1.0986122886681098,2.650595105770093,0.7142857142857143,796.0000381920019,0,0,0,0,1,0,1,0,0,0,0,1,1091,1.0,4.910714286
0.0,0.0,0.0,0.0,0.1291467944322478,0.0,0.0,0.0,0.0,0.0,0.0010708554296057233,0.0,0.0,0.0,0.0,0.0,0.0,0,0,0,1,1,0,1,0,0,0,1,0,1092,,
0.0,0.0,0.0,0.0,9.439039434023636,0.0,0.0,0.0,0.0,0.0,8.755225073687212,0.0,0.0,0.0,710388.834114664,5.0,0.0,0,0,0,1,1,1,0,0,0,0,0,1,1093,,
0.0,0.0,0.0,0.0,4.500059639085473,0.0,0.0,0.0,0.0,0.0,0.011716803384835096,0.6931471805599453,3.091042453358316,1.6094379124341003,8.625919526873242e-06,0.03225806451612903,0.0,0,0,0,1,1,1,0,0,0,0,0,0,1094,0.0,0.0
0.0,11.0,0.0,0.0,7.074398317639006,0.0,8.786002411696954,0.0,0.0,0.0,8.853248198152023,0.6931471805599453,1.0986122886681098,2.4849066497880004,4.633088856144766,0.4,0.0,0,0,0,0,1,0,1,0,0,0,1,0,1095,,
0.0,4.0,0.0,0.0,5.834867126408368,0.0,0.0,0.0,0.0,0.0,6.572692049184429,0.0,0.0,0.0,1.4130821839132637,0.6666666666666666,0.0,0,0,0,0,1,0,1,0,0,0,0,1,1096,,
1.0,2.0,0.0,0.0,6.819729751552112,8.255951703579099,9.56708531376501,0.0,0.0,0.0,7.434977315476514,0.6931471805599453,1.9459101490553132,1.0986122886681098,2.141059230488791,0.4444444444444444,0.23762658150337113,0,0,0,0,1,1,1,0,0,0,0,1,1097,,
0.0,2.0,1.0,1.0,4.9709436126148,0.0,0.0,7.776512406704544,9.271391591727955,6.087581219791297,8.814914841134646,1.0986122886681098,2.5649493574615367,3.2188758248682006,1.168043902652572,0.40425531914893614,0.0,0,0,0,0,0,1,0,1,0,0,1,0,1098,,
0.0,0.0,0.0,0.0,4.487708973541063,0.0,0.0,0.0,0.0,0.0,5.6204073356237565,0.0,1.9459101490553132,0.0,0.7778645433369916,0.42857142857142855,0.0,0,0,0,1,1,0,1,0,0,0,0,1,1099,0.0,0.0
0.0,0.0,0.0,0.0,2.4996486415170316,0.0,0.0,0.0,0.0,0.0,3.603175663496873,0.6931471805599453,1.0986122886681098,1.3862943611198906,0.344831034415219,0.3333333333333333,0.0,0,0,0,1,1,0,0,0,1,1,0,0,1100,0.0,0.0
1.0,2.0,0.0,0.0,0.8914123879267829,8.586410504354323,9.425462782983896,0.0,0.0,0.0,0.0010708554296057233,0.0,0.0,0.0,0.0,0.0,0.0002685231832441673,0,0,0,0,1,1,0,0,0,1,0,0,1101,,
0.0,0.0,0.0,0.0,5.2592237883927595,0.0,0.0,0.0,0.0,0.0,6.851599807450897,0.6931471805599453,2.1972245773362196,0.0,4.706261968211837,0.2222222222222222,0.0,0,0,0,1,1,1,0,1,0,0,0,0,1102,,
0.0,0.0,1.0,1.0,10.363519587777636,0.0,0.0,4.729405377646085,7.743113574157915,0.0,6.671138784552503,1.0986122886681098,2.3978952727983707,1.6094379124341003,0.7392203949025082,0.3076923076923077,0.0,0,0,0,1,1,1,0,1,0,0,0,1,1103,0.0,0.0
0.0,0.0,1.0,1.0,0.0,0.0,0.0,0.7786693541948286,4.801362361105037,0.0,8.32360142071698,2.0794415416798357,3.5553480614894135,2.9444389791664403,1.053887394254812,0.39215686274509803,0.0,0,0,0,1,0,0,0,0,1,0,0,1,1104,1.0,0.699642857
0.0,0.0,0.0,0.0,8.91544155951964,0.0,0.0,0.0,0.0,0.0,6.151955036874706,0.0,0.0,0.0,1.2972585270588235,1.0,0.0,0,0,0,1,1,0,0,1,0,0,0,1,1105,,
0.0,0.0,0.0,0.0,5.490086711687698,0.0,0.0,0.0,0.0,0.0,5.7374958341137265,1.791759469228055,0.0,1.0986122886681098,1.0572604078106576,0.375,0.0,0,0,0,1,1,1,1,0,0,0,0,0,1106,0.0,0.0
1.0,0.0,0.0,0.0,4.6247977283499555,7.65757592439661,0.0,0.0,0.0,0.0,0.0021405643565592823,0.0,0.6931471805599453,0.0,0.00017362114701692898,0.5,0.047731693716161386,0,0,0,1,0,0,0,0,0,0,1,0,1107,,
0.0,0.0,0.0,0.0,8.128302501421862,0.0,0.0,0.0,0.0,0.0,2.936910712745649,0.0,0.6931471805599453,0.0,2.777833333148145,1.0,0.0,0,0,0,1,1,1,1,0,0,0,1,0,1108,0.0,0.0
0.0,0.0,0.0,0.0,7.442738529136946,0.0,0.0,0.0,0.0,0.0,0.0,0.0,0.0,0.0,0.0,0.0,0.0,0,0,0,1,1,0,0,0,0,1,0,0,1109,0.0,0.0
0.0,0.0,0.0,0.0,3.2339473904772262,0.0,0.0,0.0,0.0,4.013405619716749,7.15094932569422,1.6094379124341003,2.1972245773362196,2.5649493574615367,0.7767598044501772,0.07407407407407407,0.0,0,0,0,1,0,0,1,0,0,0,0,1,1110,,
1.0,0.0,0.0,0.0,4.194308399069136,9.220966676288002,0.0,0.0,0.0,0.0,7.259630472224531,0.6931471805599453,2.3978952727983707,1.0986122886681098,1.7415048024636928,0.2857142857142857,0.006462394426431276,0,0,0,1,1,0,0,0,0,0,1,0,1111,1.0,0.821785714
2.0,0.0,0.0,0.0,3.762735481300047,10.259227171694983,0.0,0.0,0.0,0.0,6.66033733116614,0.0,0.0,0.0,1.977825685355012,0.6666666666666666,0.0014737418638619865,0,0,0,1,1,0,1,0,0,0,1,0,1112,,
0.0,0.0,0.0,0.0,2.3960754360813845,0.0,0.0,0.0,0.0,5.684199109180391,5.53966422771612,1.0986122886681098,1.9459101490553132,2.1972245773362196,0.355909664607693,0.1111111111111111,0.0,0,0,0,1,0,0,0,1,0,0,0,0,1113,0.0,0.0
0.0,0.0,0.0,1.0,8.319532967799674,0.0,0.0,0.0,8.552307752391913,0.0,6.418370762020381,1.0986122886681098,0.0,1.0986122886681098,0.9374659659684699,0.375,0.0,0,0,0,1,0,1,1,0,0,0,0,0,1114,,
0.0,0.0,0.0,0.0,8.311627806392838,0.0,0.0,0.0,0.0,0.0,0.00035707923961937285,0.0,0.0,0.0,0.00018181825457190082,1.0,0.0,0,0,0,1,1,1,1,0,0,0,0,0,1115,0.0,0.0
1.0,0.0,1.0,1.0,4.829635719898124,0.3927657643724518,0.0,5.357276737191293,9.226999407478845,4.59796212733814,7.228531764961224,1.791759469228055,3.044522437723423,2.833213344056216,0.8214657472308384,0.36065573770491804,258.10170717912246,0,0,0,1,0,1,0,0,0,0,0,0,1116,0.0,0.0
0.0,0.0,1.0,2.0,5.978590965502682,0.0,0.0,0.5389965005660203,9.31122895714126,7.628675861623323,7.885716136202216,1.3862943611198906,2.0794415416798357,2.70805020110221,2.03939615314528,0.34375,0.0,0,0,0,1,0,0,0,1,0,0,1,0,1117,0.0,0.0
0.0,3.0,0.0,0.0,6.044534654952168,0.0,12.659451867521083,0.0,0.0,0.0,6.819240564801748,1.0986122886681098,2.0794415416798357,1.6094379124341003,1.4011741351897609,0.3333333333333333,0.0,0,0,0,0,0,0,0,1,0,0,1,0,1118,0.0,0.0
0.0,7.0,0.0,0.0,8.117855912652715,0.0,0.0,0.0,0.0,0.0,7.653214984337807,0.6931471805599453,3.4965075614664802,2.772588722239781,0.9043118540596424,0.3181818181818182,0.0,0,0,0,0,0,0,0,0,0,0,0,1,1119,,
0.0,0.0,0.0,0.0,9.277045996373324,0.0,0.0,0.0,0.0,0.0,3.603165935723175,0.6931471805599453,0.6931471805599453,0.0,1.031012866916859,0.5,0.0,0,0,0,1,1,1,1,0,0,0,0,1,1120,,
0.0,0.0,0.0,0.0,3.9801755238907157,0.0,0.0,0.0,0.0,0.0,4.747543622398928,1.0986122886681098,2.0794415416798357,0.0,0.1658492752543037,0.16666666666666666,0.0,0,0,0,1,1,0,1,0,0,0,0,1,1121,0.0,0.0
0.0,0.0,0.0,0.0,8.229062923339802,0.0,0.0,0.0,0.0,0.0,6.622503584102065,1.3862943611198906,2.6390573296152584,1.3862943611198906,1.178598638647801,0.42105263157894735,0.0,0,0,0,1,1,0,0,0,0,0,1,0,1122,,
0.0,0.0,0.0,0.0,5.0007172249160075,0.0,0.0,0.0,0.0,0.0,6.065208613770418,0.0,0.0,0.6931471805599453,1.1410554617436486,0.7272727272727273,0.0,0,0,0,1,0,0,1,0,0,0,0,1,1123,,
0.0,0.0,0.0,0.0,8.42751673381567,0.0,0.0,0.0,0.0,0.0,5.974389232915048,1.0986122886681098,0.0,1.6094379124341003,0.5653443837420912,0.5,0.0,0,0,0,1,1,1,0,1,0,0,0,1,1124,,
0.0,0.0,0.0,0.0,5.996856235796269,0.0,0.0,0.0,0.0,0.0,7.259605602936397,0.6931471805599453,2.0794415416798357,1.791759469228055,0.7245041504414096,0.2857142857142857,0.0,0,0,0,1,1,0,0,1,0,0,1,0,1125,0.0,0.0
0.0,0.0,0.0,0.0,7.585991484443291,0.0,0.0,0.0,0.0,0.0,5.6493426312116455,0.0,0.0,0.6931471805599453,7.027420213082189,1.0,0.0,0,0,0,1,1,1,0,1,0,0,1,0,1126,,
0.0,0.0,0.0,0.0,7.4069635391416515,0.0,0.0,0.0,0.0,0.0,4.987483636774235,0.6931471805599453,1.0986122886681098,0.6931471805599453,1.2138181605169898,0.5,0.0,0,0,0,1,0,1,0,0,1,0,0,1,1127,,
0.0,0.0,0.0,0.0,5.941088125422059,0.0,0.0,0.0,0.0,0.0,6.890763518908651,0.0,1.791759469228055,2.1972245773362196,1.1806472635475997,0.17647058823529413,0.0,0,0,0,1,1,0,0,1,0,1,0,0,1128,0.0,0.0
0.0,0.0,0.0,0.0,10.340801557063875,0.0,0.0,0.0,0.0,0.0,5.33719633188911,0.0,3.1354942159291497,0.6931471805599453,1.8015135919702472,0.125,0.0,0,0,0,1,1,0,1,0,0,1,0,0,1129,,
0.0,0.0,0.0,0.0,0.3703312705835053,0.0,0.0,0.0,0.0,7.482718606881795,7.338460817080992,0.6931471805599453,3.4657359027997265,2.70805020110221,0.8347902820134506,0.3787878787878788,0.0,0,0,0,1,0,1,1,0,0,0,0,0,1130,0.0,0.0
0.0,0.0,0.0,0.0,5.447894337468017,0.0,0.0,0.0,0.0,0.0,6.751752050946593,1.0986122886681098,1.3862943611198906,1.791759469228055,1.699160630745585,0.36363636363636365,0.0,0,0,0,1,0,0,0,1,0,0,0,1,1131,0.0,0.0
0.0,4.0,0.0,0.0,0.0,0.0,9.837708452598795,0.0,0.0,0.0,7.5193392663911425,2.1972245773362196,2.9444389791664403,2.833213344056216,0.675042424335131,0.06521739130434782,0.0,0,0,0,0,0,1,0,0,1,1,0,0,1132,,
1.0,1.0,0.0,0.0,1.0156188033123987,3.6058277597688195,10.49413703039819,0.0,0.0,0.0,0.003209131225747237,0.0,1.3862943611198906,0.0,23.21045584295612,1.6666666666666667,0.04917525979622432,0,0,0,0,0,0,1,0,0,1,0,0,1133,,
0.0,0.0,0.0,1.0,7.83833683722383,0.0,0.0,0.0,8.354725521075277,0.0,7.712084390881522,1.9459101490553132,2.5649493574615367,2.4849066497880004,0.9307282264981744,0.4696969696969697,0.0,0,0,0,1,0,0,1,0,0,1,0,0,1134,,
1.0,2.0,0.0,0.0,7.720854569499452,6.007865035107294,0.0,0.0,0.0,5.119233420431878,8.61253369548805,0.6931471805599453,0.0,1.791759469228055,10.453767477411532,1.625,5.556721726677587,0,0,0,0,0,0,0,0,1,0,0,0,1135,1.0,6.136428571
0.0,0.0,0.0,0.0,9.452723366930385,0.0,0.0,0.0,0.0,0.0,7.060724649338032,1.791759469228055,1.6094379124341003,1.791759469228055,1.043904703816105,0.2777777777777778,0.0,0,0,0,1,1,0,0,0,1,0,0,1,1136,,
0.0,0.0,0.0,0.0,5.453434416146723,0.0,0.0,0.0,0.0,0.0,5.72487861598267,0.0,0.0,0.6931471805599453,12.009957863370225,2.0,0.0,0,0,0,1,1,0,0,0,1,1,0,0,1137,0.0,0.0
0.0,0.0,0.0,0.0,6.048823337662842,0.0,0.0,0.0,0.0,0.0,5.6459578727269415,1.0986122886681098,0.0,1.6094379124341003,0.8086028661051057,0.2857142857142857,0.0,0,0,0,1,0,0,0,1,0,0,1,0,1138,,
0.0,0.0,0.0,0.0,0.0,0.0,0.0,0.0,0.0,0.0,0.0,0.0,0.0,0.0,0.0,0.0,0.0,0,1,0,1,1,1,0,1,0,1,0,0,1139,,
0.0,0.0,0.0,0.0,7.8398923631914785,0.0,0.0,0.0,0.0,0.0,6.2848741590331185,1.791759469228055,2.6390573296152584,0.6931471805599453,0.7379715604400507,0.2631578947368421,0.0,0,0,0,1,1,0,0,0,1,0,0,0,1140,0.0,0.0
0.0,0.0,0.0,0.0,7.724525709675371,0.0,0.0,0.0,0.0,0.0,0.0,0.0,0.0,0.0,0.0,0.0,0.0,0,1,0,1,1,0,0,1,0,0,0,0,1141,0.0,0.0
3.0,1.0,0.0,0.0,8.564166672320212,5.54611032405582,4.738098271534492,0.0,0.0,0.0,0.0,0.0,0.0,0.0,0.0,0.0,20.527711426069665,0,0,0,0,1,0,1,0,0,0,0,0,1142,0.0,0.0
0.0,0.0,0.0,0.0,8.42911469980773,0.0,0.0,0.0,0.0,0.0,6.743865241828065,0.0,0.0,1.9459101490553132,3.257325740600586,0.2857142857142857,0.0,0,0,0,1,1,1,0,1,0,1,0,0,1143,1.0,2.008392857
1.0,2.0,0.0,0.0,7.193383905055271,0.007117467627020008,8.711562006695843,0.0,0.0,0.0,6.71636039811532,1.3862943611198906,1.9459101490553132,1.0986122886681098,1.0744588695703559,0.5909090909090909,186143.7536828751,0,0,0,0,0,1,0,1,0,0,0,0,1144,0.0,0.0
0.0,0.0,0.0,0.0,5.786007414911871,0.0,0.0,0.0,0.0,0.0,4.891543366714708,0.0,0.0,0.0,38.952105269938855,3.0,0.0,0,0,0,1,1,1,0,1,0,1,0,0,1145,,
0.0,0.0,0.0,0.0,5.6619443390394055,0.0,0.0,0.0,0.0,0.0,6.068078305726295,0.6931471805599453,0.0,0.0,1.000232153221126,1.0,0.0,0,0,0,1,0,0,0,1,0,0,0,0,1146,,
0.0,0.0,0.0,0.0,3.3391573239638133,0.0,0.0,0.0,0.0,0.0,6.514449693328745,0.6931471805599453,0.0,2.772588722239781,1.0392206435233162,0.35294117647058826,0.0,0,0,0,1,1,0,1,0,0,0,0,1,1147,,
1.0,0.0,1.0,0.0,4.441486713143443,6.34635414824528,0.0,6.695932229680004,0.0,0.0,8.914321597994892,0.0,0.0,1.3862943611198906,5.534489391788167,1.0,0.14734756446210162,0,0,0,1,1,0,0,0,1,0,0,1,1148,,
0.0,0.0,0.0,0.0,0.0,0.0,0.0,0.0,0.0,4.154223808275813,6.860094476888213,0.0,3.258096538021482,2.302585092994046,0.866837557190292,0.29411764705882354,0.0,0,0,0,1,0,1,0,1,0,0,0,1,1149,1.0,1.511428571
0.0,0.0,0.0,0.0,2.0117074439885507,0.0,0.0,0.0,0.0,0.0,5.49823615608158,0.0,0.0,0.0,1.0331239009714404,0.7777777777777778,0.0,0,0,0,1,0,0,1,0,0,0,0,0,1150,,
0.0,0.0,0.0,1.0,10.476028027132282,0.0,0.0,0.0,7.409923319594464,2.590767040487478,7.594509388845007,1.9459101490553132,2.4849066497880004,2.0794415416798357,1.0792617243133045,0.6363636363636364,0.0,0,0,0,1,0,1,0,0,0,1,0,0,1151,0.0,0.0
0.0,0.0,0.0,0.0,6.59074541565963,0.0,0.0,0.0,0.0,0.0,5.109838319662024,0.6931471805599453,2.302585092994046,0.6931471805599453,1.0844044034784353,0.25,0.0,0,0,0,1,1,1,0,0,0,0,0,1,1152,0.0,0.0
0.0,1.0,0.0,0.0,5.20143076619551,0.0,2.9300502417906182,0.0,0.0,0.0,5.398329138797522,0.0,0.6931471805599453,1.6094379124341003,1.0251980165768368,0.5,0.0,0,0,0,0,1,1,1,0,0,1,0,0,1153,,
0.0,0.0,0.0,0.0,2.4548462339093686,0.0,0.0,0.0,0.0,0.0,6.040019989922988,0.6931471805599453,1.9459101490553132,1.3862943611198906,1.5537680989340186,0.18181818181818182,0.0,0,0,0,1,1,1,0,0,1,0,1,0,1154,0.0,0.0
0.0,0.0,0.0,0.0,3.4899928805760054,0.0,0.0,0.0,0.0,0.0,4.6834564070186895,1.0986122886681098,0.0,0.0,0.9933807944397162,0.6666666666666666,0.0,0,0,0,1,1,0,0,0,1,0,0,1,1155,0.0,0.0
0.0,0.0,0.0,0.0,3.875195996565465,0.0,0.0,0.0,0.0,0.0,7.012827717049599,1.0986122886681098,0.0,1.6094379124341003,2.5588068172779583,0.3333333333333333,0.0,0,0,0,1,1,1,0,0,1,0,0,0,1156,,
1.0,0.0,1.0,0.0,9.01379797667779,11.369772368541325,0.0,0.8873031951773733,0.0,0.0,7.436695341149099,2.833213344056216,3.4657359027997265,2.833213344056216,0.59586428940578,0.1839080459770115,0.09479064283801542,0,0,0,1,0,0,0,0,1,0,0,1,1157,0.0,0.0
1.0,0.0,0.0,0.0,2.0971411187967806,8.212260221921674,0.0,0.0,0.0,0.0,8.36025997719495,0.6931471805599453,0.0,2.772588722239781,0.6959547782104862,0.3333333333333333,0.0019384317251949195,0,0,0,1,0,0,1,0,0,0,0,0,1158,1.0,1.65625
1.0,0.0,0.0,0.0,6.14876358201727,3.1150379587243453,0.0,0.0,0.0,0.0,7.824447073220029,1.791759469228055,0.0,2.4849066497880004,0.5037389852032462,0.28,21.692765694246937,0,0,0,1,1,0,1,0,0,0,1,0,1159,0.0,0.0
0.0,0.0,0.0,1.0,7.910216498630996,0.0,0.0,0.0,8.352525484360415,0.0,6.764227970841482,1.3862943611198906,2.302585092994046,2.0794415416798357,0.9516684917273548,0.10714285714285714,0.0,0,0,0,1,0,1,0,0,0,0,0,1,1160,0.0,0.0
1.0,0.0,0.0,0.0,6.402102562133022,8.591388639415264,0.0,0.0,0.0,0.0,4.970095997807534,0.6931471805599453,0.0,0.0,2.6800333336714672,3.0,0.11183174594985686,0,0,0,1,1,0,0,0,0,0,1,0,1161,0.0,0.0
0.0,0.0,0.0,0.0,4.284989518084734,0.0,0.0,0.0,0.0,0.0,6.374539182334154,2.1972245773362196,2.302585092994046,1.3862943611198906,1.5610889532864813,0.21739130434782608,0.0,0,0,0,1,1,0,1,0,0,0,0,0,1162,,
0.0,0.0,0.0,0.0,8.329427298121496,0.0,0.0,0.0,0.0,0.0,6.489450233455135,1.0986122886681098,1.3862943611198906,1.0986122886681098,0.901478088318753,0.3333333333333333,0.0,0,0,0,1,1,1,1,0,0,0,0,1,1163,0.0,0.0
0.0,0.0,0.0,0.0,1.3632633136840289,0.0,0.0,0.0,0.0,0.0,6.455541047295859,1.0986122886681098,1.0986122886681098,2.302585092994046,0.5627640015328899,0.14285714285714285,0.0,0,0,0,1,1,0,0,0,1,0,0,1,1164,0.0,0.0
0.0,0.0,0.0,0.0,9.861715422926284,0.0,0.0,0.0,0.0,0.0,5.957690758132368,1.9459101490553132,2.6390573296152584,1.3862943611198906,1.1220889457868524,0.13636363636363635,0.0,0,0,0,1,1,0,0,0,0,1,0,0,1165,0.0,0.0
0.0,0.0,0.0,0.0,7.485016106108743,0.0,0.0,0.0,0.0,0.0,7.042165972408377,0.0,0.0,2.5649493574615367,1.651109333951854,0.3076923076923077,0.0,0,0,0,1,1,0,0,0,1,1,0,0,1166,1.0,0.319821429
1.0,0.0,0.0,0.0,5.366296390798855,8.263194551689484,0.0,0.0,0.0,0.0,7.057786362340774,0.6931471805599453,0.6931471805599453,2.4849066497880004,1.660337682416592,0.2857142857142857,0.0549504923022262,0,0,0,1,0,0,0,1,0,1,0,0,1167,0.0,0.0
1.0,0.0,1.0,0.0,8.577280257010507,10.083118334523693,0.0,0.0,0.0,0.0,7.5884363292176085,1.3862943611198906,2.772588722239781,2.5649493574615367,1.2671345577566246,0.24324324324324326,0.22179879166190733,0,0,0,1,0,0,0,0,1,0,0,1,1168,0.0,0.0
0.0,0.0,0.0,0.0,7.509357183584619,0.0,0.0,0.0,0.0,0.0,6.4864852135993045,0.6931471805599453,2.0794415416798357,0.0,0.9470397844071894,0.2222222222222222,0.0,0,0,0,1,1,0,0,0,0,0,0,1,1169,1.0,2.461964286
1.0,0.0,0.0,0.0,7.520841805124171,10.726114467985715,0.0,0.0,0.0,0.0,6.764752232789907,1.3862943611198906,0.0,1.3862943611198906,1.151527250262979,0.5,0.04052677055170528,0,0,0,1,1,1,1,0,0,1,0,0,1170,0.0,0.0
0.0,0.0,0.0,0.0,1.8919818070297576,0.0,0.0,0.0,0.0,0.0,6.247632455868819,1.0986122886681098,1.3862943611198906,1.6094379124341003,1.2227635253426288,0.4,0.0,0,0,0,1,1,0,1,0,0,0,1,0,1171,0.0,0.0
1.0,1.0,0.0,0.0,7.6853543881446305,4.417389469380267,9.92809035280081,0.0,0.0,0.0,5.8267436152757215,0.0,0.6931471805599453,1.0986122886681098,0.8638724393237319,1.3333333333333333,26.566323386623523,0,0,0,0,1,0,0,0,0,1,0,0,1172,,
0.0,0.0,0.0,0.0,7.825115866756323,0.0,0.0,0.0,0.0,0.0,6.326022324821645,1.3862943611198906,0.0,0.0,0.9925668720763021,0.6666666666666666,0.0,0,0,0,1,1,0,1,0,0,1,0,0,1173,,
0.0,0.0,0.0,0.0,0.9251088802683952,0.0,0.0,0.0,0.0,0.0,7.657689643568102,0.0,0.0,2.3978952727983707,0.9429871390116177,0.4166666666666667,0.0,0,0,0,1,1,0,0,1,0,0,0,0,1174,,
0.0,0.0,0.0,0.0,10.143649916004664,0.0,0.0,0.0,0.0,0.0,6.270855422823954,2.0794415416798357,1.3862943611198906,1.3862943611198906,0.594637333185039,0.21428571428571427,0.0,0,0,0,1,1,0,0,0,0,0,0,1,1175,1.0,7.892857143
0.0,0.0,0.0,0.0,9.140563660188102,0.0,0.0,0.0,0.0,0.0,4.443915163305837,0.0,0.0,0.0,0.6305247659321633,0.5,0.0,0,0,0,1,1,1,0,0,0,0,0,0,1176,,
0.0,0.0,0.0,0.0,8.579482913524606,0.0,0.0,0.0,0.0,0.0,9.013184239263275,2.5649493574615367,3.6375861597263857,2.772588722239781,1.3584887060659707,0.12,0.0,0,0,0,1,1,0,1,0,0,0,1,0,1177,0.0,0.0
1.0,0.0,0.0,0.0,3.6647148271146386,10.606622598640845,0.0,0.0,0.0,0.0,6.450698335664387,0.0,0.0,2.772588722239781,1.7681723023446672,0.5555555555555556,0.0009416958831681944,0,0,0,1,1,1,0,0,1,0,0,1,1178,0.0,0.0
0.0,0.0,0.0,1.0,0.00035707923961937285,0.0,0.0,0.0,7.6923830754635905,0.0,7.762984865327243,1.9459101490553132,2.0794415416798357,2.8903717578961645,0.98018956650839,0.5606060606060606,0.0,0,0,0,1,0,1,0,0,1,0,0,1,1179,0.0,0.0
0.0,0.0,1.0,1.0,9.81824652954469,0.0,0.0,4.794490999900003,7.21672285960095,0.0,6.975062731214331,1.791759469228055,3.1780538303479458,2.4849066497880004,0.7638626769294274,0.22,0.0,0,0,0,1,1,0,0,0,0,0,1,0,1180,0.0,0.0
0.0,8.0,0.0,0.0,7.193306332424963,0.0,0.0,0.0,0.0,0.0,4.097411283521676,0.0,0.6931471805599453,0.0,5.560939598405621,2.0,0.0,0,0,0,0,1,0,0,0,1,0,0,0,1181,,
0.0,0.0,1.0,0.0,8.021452853413379,0.0,0.0,6.241834084675783,0.0,0.0,7.565097249990015,0.6931471805599453,3.5553480614894135,2.6390573296152584,1.0809297096150485,0.24528301886792453,0.0,0,0,0,1,0,1,0,1,0,1,0,0,1182,1.0,6.997321429
1.0,5.0,0.0,0.0,6.436901002278419,4.446835766497766,5.345185616928536,0.0,0.0,0.0,6.185878616573407,0.0,0.0,1.3862943611198906,3.4039275233089983,1.0,7.390883919209999,0,0,0,0,1,1,0,1,0,0,0,1,1183,,
0.0,1.0,0.0,0.0,7.733475267996568,0.0,0.0,0.0,0.0,6.677928282370896,7.622178440625205,0.0,0.0,1.3862943611198906,0.938414276179946,0.8888888888888888,0.0,0,0,0,0,0,0,1,0,0,1,0,0,1184,0.0,0.0
0.0,0.0,0.0,0.0,0.0,0.0,0.0,0.0,0.0,0.0,6.572719010924393,0.6931471805599453,0.6931471805599453,1.791759469228055,1.4794978769565343,0.25,0.0,0,0,0,1,1,1,1,0,0,1,0,0,1185,,
0.0,0.0,0.0,0.0,8.104223746072009,0.0,0.0,0.0,0.0,0.0,7.159874938532864,1.791759469228055,2.6390573296152584,0.0,0.6339339280478824,0.17391304347826086,0.0,0,0,0,1,1,0,1,0,0,0,0,1,1186,,
0.0,0.0,0.0,0.0,2.4655539212721855,0.0,0.0,0.0,0.0,0.0,5.932625940946892,1.0986122886681098,3.6888794541139363,2.4849066497880004,0.2740017763850047,0.05660377358490566,0.0,0,0,0,1,1,1,0,1,0,1,0,0,1187,,
1.0,1.0,0.0,0.0,3.3957899307164885,7.712905011011461,10.577014381686634,0.0,0.0,0.0,7.370110087311461,1.3862943611198906,2.3978952727983707,2.5649493574615367,0.6091227872830276,0.2571428571428571,0.012897052302568506,0,0,0,0,0,1,0,0,1,0,0,0,1188,0.0,0.0
1.0,0.0,0.0,0.0,3.9117586846984995,9.03860316001595,0.0,0.0,0.0,0.0,5.781553372954658,0.6931471805599453,0.0,0.6931471805599453,1.389360562912,0.75,0.005817213953292437,0,0,0,1,1,1,1,0,0,1,0,0,1189,0.0,0.0
0.0,0.0,0.0,0.0,3.9961015144119405,0.0,0.0,0.0,0.0,0.0,6.356108280660977,2.1972245773362196,0.0,0.0,1.0000006210434782,1.125,0.0,0,0,0,1,1,0,1,0,0,1,0,0,1190,0.0,0.0
1.0,0.0,1.0,0.0,6.811338379799782,6.46094125177209,0.0,5.65181978329002,0.0,0.0,6.5936842512606235,2.0794415416798357,0.0,1.3862943611198906,1.9463065787289013,0.3684210526315789,1.4202882585325785,0,0,0,1,1,1,0,0,1,1,0,0,1191,0.0,0.0
1.0,7.0,0.0,0.0,7.9339196271376675,9.265565434373856,9.321204287410575,0.0,0.0,0.0,8.302933631825578,1.791759469228055,1.9459101490553132,2.5649493574615367,0.9961416050857582,0.36,0.2639726924907256,0,0,0,0,1,1,0,0,0,0,1,0,1192,,
0.0,0.0,0.0,0.0,8.338472543560789,0.0,0.0,0.0,0.0,0.0,7.04982139687872,1.9459101490553132,3.091042453358316,1.0986122886681098,0.8685510033601466,0.41818181818181815,0.0,0,0,0,1,0,1,0,1,0,0,0,0,1193,0.0,0.0
0.0,0.0,0.0,0.0,1.73525210393941,0.0,0.0,0.0,0.0,0.0,5.085837734862547,0.6931471805599453,0.0,0.0,1.1250074993624977,2.0,0.0,0,0,0,1,1,0,1,0,0,0,1,0,1194,,
0.0,0.0,0.0,0.0,4.7970441867329425,0.0,0.0,0.0,0.0,0.0,7.113176135815456,0.6931471805599453,2.833213344056216,2.4849066497880004,1.1209198954075026,0.06666666666666667,0.0,0,0,0,1,0,1,0,0,1,0,0,1,1195,0.0,0.0
0.0,0.0,0.0,0.0,8.133365161381832,0.0,0.0,0.0,0.0,0.0,0.05082890072350296,0.0,0.0,0.0,0.058399999830656,1.0,0.0,0,0,0,1,1,1,0,0,0,0,0,1,1196,0.0,0.0
0.0,0.0,0.0,0.0,5.771596874240058,0.0,0.0,0.0,0.0,0.0,0.0010708554296057233,0.0,0.0,0.0,0.0003157895999867036,1.0,0.0,0,0,0,1,1,0,0,1,0,0,0,0,1197,0.0,0.0
0.0,0.0,0.0,0.0,8.125456417027337,0.0,0.0,0.0,0.0,0.0,6.241310536593515,1.791759469228055,0.6931471805599453,1.791759469228055,0.7733316447670986,0.3333333333333333,0.0,0,0,0,1,1,1,1,0,0,0,1,0,1198,0.0,0.0
0.0,0.0,0.0,0.0,0.0,0.0,0.0,0.0,0.0,0.0,0.0,0.0,0.0,0.0,0.0,0.0,0.0,0,1,0,1,1,0,0,0,1,0,0,1,1199,0.0,0.0
1.0,2.0,1.0,0.0,7.6680457883456326,8.830881351472287,11.176467228271017,1.2110902720522467,0.0,0.0,7.535326257266283,1.9459101490553132,2.302585092994046,1.791759469228055,0.8613248970357195,0.6470588235294118,0.3124980521379011,0,0,0,0,0,0,0,1,0,1,0,0,1200,,
0.0,0.0,0.0,0.0,4.7575846654914535,0.0,0.0,0.0,0.0,0.0,6.863098933767519,0.6931471805599453,2.5649493574615367,1.9459101490553132,1.0000841219162746,0.22727272727272727,0.0,0,0,0,1,0,0,0,1,0,0,1,0,1201,,
0.0,0.0,0.0,0.0,7.314425137087502,0.0,0.0,0.0,0.0,0.0,5.285460064545481,0.0,0.6931471805599453,1.0986122886681098,3.666973333431119,0.5,0.0,0,0,0,1,1,1,0,0,1,1,0,0,1202,0.0,0.0
0.0,0.0,0.0,0.0,3.587548507161504,0.0,0.0,0.0,0.0,0.0,0.0,0.0,0.0,0.0,0.0,0.0,0.0,0,1,0,1,1,0,1,0,0,0,0,1,1203,0.0,0.0
0.0,0.0,0.0,0.0,4.999357653897641,0.0,0.0,0.0,0.0,0.0,7.768716612241881,2.3978952727983707,2.9444389791664403,2.772588722239781,0.866644229510914,0.17647058823529413,0.0,0,0,0,1,1,0,1,0,0,1,0,0,1204,,
0.0,0.0,0.0,0.0,6.444627953675834,0.0,0.0,0.0,0.0,5.181139281559593,5.9028674980591855,1.791759469228055,1.3862943611198906,1.6094379124341003,0.9423043242514423,0.23076923076923078,0.0,0,0,0,1,0,1,0,0,1,1,0,0,1205,0.0,0.0
0.0,0.0,0.0,0.0,4.38840358004356,0.0,0.0,0.0,0.0,0.0,7.366088393168335,1.3862943611198906,0.0,0.0,2.2126099995557476,1.3333333333333333,0.0,0,0,0,1,1,0,0,1,0,1,0,0,1206,1.0,22.16589286
1.0,2.0,1.0,0.0,7.206980384056068,8.555308142285835,7.276651734965595,5.766781865377499,0.0,0.0,9.224925595595039,1.6094379124341003,2.995732273553991,3.044522437723423,1.6031914610222424,0.23076923076923078,0.2595315803909884,0,0,0,0,1,0,1,0,0,1,0,0,1207,,
0.0,0.0,0.0,0.0,6.50065615805186,0.0,0.0,0.0,0.0,0.0,6.740347105646066,0.6931471805599453,0.0,1.791759469228055,2.245459895548173,0.42857142857142855,0.0,0,0,0,1,1,0,0,0,0,1,0,0,1208,0.0,0.0
0.0,0.0,0.0,0.0,6.37968357853774,0.0,0.0,0.0,0.0,0.0,6.94381302792616,0.0,0.0,0.0,0.9450546008850841,1.0,0.0,0,0,0,1,1,1,0,1,0,0,0,0,1209,0.0,0.0
1.0,0.0,0.0,0.0,7.87854434230101,4.22143861286165,0.0,0.0,0.0,0.0,7.471654126650873,0.0,2.0794415416798357,0.6931471805599453,2.1656851723311354,0.5454545454545454,39.31134555327101,0,0,0,1,1,0,0,0,0,0,0,1,1210,,
0.0,0.0,1.0,0.0,5.529536791631761,0.0,0.0,1.2110902720522467,0.0,0.0,7.256435853230874,1.791759469228055,1.6094379124341003,1.9459101490553132,0.9795146748123099,0.5777777777777777,0.0,0,0,0,1,0,1,0,0,0,1,0,0,1211,,
0.0,0.0,0.0,0.0,2.2068605416196787,0.0,0.0,0.0,0.0,0.0,8.320737734296443,0.0,0.0,0.0,12.161857676068406,1.0,0.0,0,0,0,1,0,1,1,0,0,0,0,1,1212,1.0,2.999285714
0.0,0.0,0.0,0.0,7.3879207179554305,0.0,0.0,0.0,0.0,0.0,7.618769215718914,2.1972245773362196,0.0,1.791759469228055,1.3615007644343877,0.6470588235294118,0.0,0,0,0,1,0,1,1,0,0,0,0,1,1213,0.0,0.0
0.0,2.0,0.0,0.0,7.651196934050093,0.0,9.16802347345602,0.0,0.0,0.0,6.129305390788934,0.6931471805599453,1.0986122886681098,2.3978952727983707,0.7129039070941208,0.125,0.0,0,0,0,0,1,0,1,0,0,0,0,0,1214,0.0,0.0
0.0,0.0,0.0,0.0,8.032850910559738,0.0,0.0,0.0,0.0,0.0,6.7895816759767555,1.6094379124341003,1.3862943611198906,1.9459101490553132,0.665607012969688,0.23529411764705882,0.0,0,0,0,1,1,1,1,0,0,1,0,0,1215,0.0,0.0
0.0,0.0,0.0,1.0,5.1234770412252475,0.0,0.0,0.0,8.343601758910282,0.0,6.784984153791189,0.6931471805599453,3.4339872044851463,2.3978952727983707,0.93380963161984,0.06382978723404255,0.0,0,0,0,1,1,0,0,1,0,0,0,0,1216,0.0,0.0
0.0,0.0,0.0,0.0,8.81777835622503,0.0,0.0,0.0,0.0,0.0,0.0021405643565592823,0.0,0.0,0.6931471805599453,2.99999979994e-06,1.0,0.0,0,0,0,1,1,1,1,0,0,0,0,1,1217,0.0,0.0
1.0,0.0,0.0,0.0,4.02220260488642,7.368745417240666,0.0,0.0,0.0,0.0,5.492379258853763,0.0,0.0,1.3862943611198906,0.07782834243853327,0.6,0.034597017224850216,0,0,0,1,1,0,1,0,0,1,0,0,1218,,
0.0,0.0,0.0,0.0,8.54970034764763,0.0,0.0,0.0,0.0,0.0,5.853127749568829,1.0986122886681098,1.3862943611198906,1.791759469228055,0.9425478301896779,0.15384615384615385,0.0,0,0,0,1,1,1,1,0,0,0,0,0,1219,0.0,0.0
1.0,0.0,1.0,0.0,7.125800426696333,10.198122571138727,0.0,0.8873031951773733,0.0,6.202955469481443,6.874810658508608,2.5649493574615367,2.5649493574615367,1.6094379124341003,0.9035379777692824,0.5342465753424658,0.046277966523940936,0,0,0,1,0,1,1,0,0,1,0,0,1220,1.0,4.910714286
0.0,0.0,0.0,0.0,7.854896904589926,0.0,0.0,0.0,0.0,0.0,7.444064839622249,2.0794415416798357,1.3862943611198906,1.9459101490553132,0.9667184998365702,0.5531914893617021,0.0,0,0,0,1,0,1,0,0,1,0,0,0,1221,0.0,0.0
0.0,0.0,0.0,0.0,9.988371407538319,0.0,0.0,0.0,0.0,0.0,6.008052980835465,0.6931471805599453,2.0794415416798357,1.9459101490553132,0.9253901568358235,0.3333333333333333,0.0,0,0,0,1,1,0,0,0,0,0,0,0,1222,,
0.0,0.0,0.0,0.0,4.97201078403192,0.0,0.0,0.0,0.0,0.0,6.7560719693087385,1.6094379124341003,2.4849066497880004,1.0986122886681098,1.1283938037790813,0.21052631578947367,0.0,0,0,0,1,1,0,1,0,0,0,0,0,1223,0.0,0.0
0.0,0.0,0.0,0.0,4.765002653275495,0.0,0.0,0.0,0.0,0.0,6.35003581690874,2.302585092994046,2.8903717578961645,1.9459101490553132,0.07325575385964263,0.05,0.0,0,0,0,1,1,1,0,0,1,0,1,0,1224,0.0,0.0
0.0,0.0,0.0,0.0,8.229547118316471,0.0,0.0,0.0,0.0,0.0,7.1459819350082645,2.3978952727983707,3.2188758248682006,1.6094379124341003,0.8988233800088937,0.14583333333333334,0.0,0,0,0,1,1,1,1,0,0,0,0,1,1225,,
0.0,4.0,1.0,0.0,3.603165935723175,0.0,9.65439950909162,0.7786693541948286,0.0,0.0,7.422318622960793,1.9459101490553132,3.871201010907891,2.3978952727983707,0.950509088542178,0.2077922077922078,0.0,0,0,0,0,0,0,0,0,1,0,0,1,1226,,
2.0,0.0,0.0,0.0,4.679750750666658,10.489793776848881,0.0,0.0,0.0,0.0,6.834729797692945,1.0986122886681098,0.6931471805599453,2.1972245773362196,0.528673823082717,0.23076923076923078,0.002969564785664552,0,0,0,1,1,0,1,0,0,0,1,0,1227,,
0.0,0.0,0.0,0.0,6.927452508567311,0.0,0.0,0.0,0.0,0.0,6.3346216604263015,1.0986122886681098,2.772588722239781,0.6931471805599453,0.8882388122119488,0.1111111111111111,0.0,0,0,0,1,1,0,0,0,0,0,0,0,1228,,
0.0,0.0,0.0,0.0,5.78387353285314,0.0,0.0,0.0,0.0,0.0,7.253118991158993,1.0986122886681098,3.6888794541139363,1.9459101490553132,0.9782877210084121,0.14893617021276595,0.0,0,0,0,1,1,0,0,1,0,0,0,1,1229,,
0.0,1.0,1.0,0.0,1.4132492211904144,0.0,9.126919437698684,5.94872292847525,0.0,0.0,7.5177778050874,1.9459101490553132,3.295836866004329,3.044522437723423,0.6175321937245664,0.36046511627906974,0.0,0,0,0,0,0,0,1,0,0,0,0,0,1230,1.0,1.5475
0.0,0.0,0.0,0.0,6.710345174743572,0.0,0.0,0.0,0.0,0.0,0.015592095041130157,1.9459101490553132,0.0,0.0,6.962466105449713e-06,0.2222222222222222,0.0,0,0,0,1,1,0,0,0,0,0,0,1,1231,0.0,0.0
0.0,0.0,0.0,0.0,2.949127220065387,0.0,0.0,0.0,0.0,0.0,7.098824180129749,0.6931471805599453,2.3978952727983707,2.3978952727983707,0.903746628909154,0.13636363636363635,0.0,0,0,0,1,1,1,0,1,0,0,1,0,1232,1.0,1.825357143
0.0,0.0,0.0,0.0,5.300869464174732,0.0,0.0,0.0,0.0,0.0,6.834725187198901,1.3862943611198906,0.6931471805599453,0.0,1.106431763002681,0.2857142857142857,0.0,0,0,0,1,1,0,1,0,0,0,0,0,1233,0.0,0.0
0.0,0.0,0.0,0.0,0.019102101593178093,0.0,0.0,0.0,0.0,0.0,2.0971849775016396,1.0986122886681098,0.0,0.0,0.33334999999111,1.0,0.0,0,0,0,1,1,0,0,1,0,0,1,0,1234,,
1.0,6.0,0.0,0.0,3.355926019341491,8.689004831007784,9.258516436196262,0.0,0.0,0.0,6.184772407850612,0.6931471805599453,0.0,1.9459101490553132,1.2331434275774757,0.375,0.004661536542586996,0,0,0,0,1,1,0,1,0,1,0,0,1235,0.0,0.0
1.0,0.0,0.0,0.0,7.731761691435564,0.0,0.0,0.0,0.0,0.0,0.0,0.0,0.0,0.0,0.0,0.0,0.0,0,0,0,1,1,1,0,0,0,0,1,0,1236,0.0,0.0
1.0,0.0,0.0,1.0,6.936810487451329,6.592288377506135,0.0,0.0,9.216391597326178,0.0,6.739591032863171,1.6094379124341003,1.0986122886681098,2.302585092994046,1.3254284413351,0.36363636363636365,1.4118799508463562,0,0,0,1,1,0,1,0,0,0,1,0,1237,,
0.0,0.0,0.0,0.0,6.402939535817824,0.0,0.0,0.0,0.0,0.0,6.330998418745095,1.3862943611198906,2.833213344056216,0.6931471805599453,0.5603989164525001,0.14285714285714285,0.0,0,0,0,1,1,1,0,1,0,1,0,0,1238,0.0,0.0
0.0,0.0,0.0,0.0,7.259862305654261,0.0,0.0,0.0,0.0,0.0,5.311348167185422,0.0,1.791759469228055,0.6931471805599453,1.583754137490741,0.6666666666666666,0.0,0,0,0,1,1,0,1,0,0,0,0,0,1239,0.0,0.0
0.0,0.0,0.0,2.0,1.923205355382433,0.0,0.0,0.0,5.277113794246502,0.0,8.108024662804128,2.0794415416798357,0.6931471805599453,2.302585092994046,1.1015461084499092,0.6382978723404256,0.0,0,0,0,1,0,1,0,1,0,0,1,0,1240,,
0.0,0.0,0.0,0.0,10.040649160448448,0.0,0.0,0.0,0.0,0.0,5.205424441478011,0.0,0.0,0.0,1.0145423903884314,0.7142857142857143,0.0,0,0,0,1,0,0,0,0,0,0,0,1,1241,,
0.0,2.0,0.0,0.0,5.644205592560427,0.0,9.428477181651033,0.0,0.0,3.3774046617635385,8.140461822754625,1.9459101490553132,2.5649493574615367,2.5649493574615367,1.0227342269327515,0.15151515151515152,0.0,0,0,0,0,0,0,0,0,0,1,0,0,1242,,
0.0,3.0,0.0,0.0,0.8291754531960227,0.0,9.076441564891805,0.0,0.0,0.0,7.101679208022773,1.3862943611198906,0.0,2.302585092994046,0.9606049724806969,0.11764705882352941,0.0,0,0,0,0,1,1,0,0,1,1,0,0,1243,,
0.0,0.0,0.0,0.0,7.780601682271567,0.0,0.0,0.0,0.0,0.0,0.0,0.0,0.0,0.0,0.0,0.0,0.0,0,1,0,1,1,0,1,0,0,0,0,1,1244,,
0.0,0.0,0.0,0.0,6.290995562316562,0.0,0.0,0.0,0.0,0.0,8.13124789738107,1.0986122886681098,0.6931471805599453,1.791759469228055,1.2780518336630011,0.7777777777777778,0.0,0,0,0,1,1,1,0,1,0,0,0,1,1245,0.0,0.0
0.0,0.0,0.0,0.0,9.435114593025524,0.0,0.0,0.0,0.0,0.0,0.03302021144278488,1.3862943611198906,1.0986122886681098,0.6931471805599453,6.702384281058268e-05,0.1,0.0,0,0,0,1,1,0,1,0,0,0,0,1,1246,0.0,0.0
1.0,0.0,0.0,0.0,6.673793149443325,0.009596661388802302,0.0,0.0,0.0,0.0,6.442641389688904,0.6931471805599453,1.6094379124341003,2.995732273553991,0.6203024841603955,0.19230769230769232,81966.55676839344,0,0,0,1,0,1,0,1,0,1,0,0,1247,1.0,20.45107143
0.0,1.0,0.0,0.0,2.6185942801026125,0.0,9.25185169429543,0.0,0.0,0.0,6.011767749340718,0.0,1.0986122886681098,0.0,12.90371208529618,1.0,0.0,0,0,0,0,1,0,1,0,0,0,0,0,1248,,
0.0,0.0,0.0,0.0,8.894745381100682,0.0,0.0,0.0,0.0,0.0,5.944675192371236,2.302585092994046,0.6931471805599453,1.6094379124341003,1.1111142380793555,0.25,0.0,0,0,0,1,1,1,0,0,1,1,0,0,1249,,
0.0,0.0,0.0,0.0,6.717602567100242,0.0,0.0,0.0,0.0,0.0,6.129424400826761,0.0,0.0,0.0,1.066176714975058,0.7777777777777778,0.0,0,0,0,1,0,0,1,0,0,0,0,0,1250,,
0.0,0.0,0.0,0.0,6.697402345712555,0.0,0.0,0.0,0.0,0.0,6.369779277819733,0.6931471805599453,0.0,0.0,0.9570219876664657,1.0,0.0,0,0,0,1,0,1,0,1,0,1,0,0,1251,,
2.0,2.0,0.0,0.0,4.5703531908356565,9.447955559009193,0.0,0.0,0.0,0.0,4.906385272722456,0.6931471805599453,0.0,0.6931471805599453,0.2512117363519948,1.3333333333333333,0.007536994414471015,0,0,0,0,1,1,1,0,0,0,0,1,1252,,
0.0,0.0,0.0,0.0,7.075271043131849,0.0,0.0,0.0,0.0,0.0,5.848656586438288,0.0,0.0,2.6390573296152584,0.8258560096443475,0.35714285714285715,0.0,0,0,0,1,0,1,0,1,0,0,1,0,1253,0.0,0.0
0.0,0.0,0.0,0.0,6.608608210044808,0.0,0.0,0.0,0.0,0.0,7.846401678722107,1.6094379124341003,2.8903717578961645,2.6390573296152584,1.0652524537887986,0.19444444444444445,0.0,0,0,0,1,1,1,1,0,0,0,0,1,1254,0.0,0.0
0.0,0.0,0.0,0.0,8.910776128096257,0.0,0.0,0.0,0.0,0.0,4.683463012126977,0.0,0.0,0.0,0.9519099886662807,0.4,0.0,0,0,0,1,1,0,1,0,0,0,1,0,1255,0.0,0.0
0.0,0.0,1.0,0.0,5.472894728488587,0.0,0.0,6.057804736609712,0.0,0.0,5.574415189043795,0.0,0.0,1.6094379124341003,0.8837657335679263,0.7647058823529411,0.0,0,0,0,1,0,1,0,0,0,0,1,0,1256,0.0,0.0
0.0,0.0,0.0,0.0,7.435070695722148,0.0,0.0,0.0,0.0,0.0,6.767182007568566,1.9459101490553132,2.302585092994046,1.3862943611198906,2.5276932325645833,0.16666666666666666,0.0,0,0,0,1,1,0,0,0,0,0,0,0,1257,,
1.0,7.0,0.0,0.0,4.997542817777072,5.883105492823268,0.0,0.0,0.0,0.0,6.508115314632617,1.6094379124341003,0.0,2.1972245773362196,0.5948207420562703,0.8,0.4108405459594157,0,0,0,0,0,1,0,1,0,1,0,0,1258,1.0,0.146785714
0.0,0.0,0.0,1.0,0.0,0.0,0.0,0.0,7.984228827907002,0.0,5.829788749427603,0.6931471805599453,1.3862943611198906,2.0794415416798357,1.1317069817427414,0.2,0.0,0,0,0,1,1,1,1,0,0,0,0,1,1259,0.0,0.0
2.0,0.0,0.0,0.0,7.94178739480081,8.185269892750501,0.0,0.0,0.0,0.0,5.816966591775632,1.6094379124341003,0.6931471805599453,0.6931471805599453,0.32648162723543495,0.2727272727272727,0.7838329435818238,0,0,0,1,1,1,0,1,0,0,0,1,1260,,
0.0,0.0,0.0,0.0,6.865894798964095,0.0,0.0,0.0,0.0,5.82070588167848,7.056763165574574,1.6094379124341003,1.9459101490553132,1.9459101490553132,0.9974443532020323,0.6190476190476191,0.0,0,0,0,1,0,1,0,0,0,0,1,0,1261,0.0,0.0
1.0,1.0,0.0,0.0,1.9062566892407007,10.470447104902897,7.2086550581506605,0.0,0.0,0.0,6.2519307201853485,0.6931471805599453,2.0794415416798357,1.6094379124341003,0.5094128433197754,0.3076923076923077,0.0001624602416504453,0,0,0,0,1,1,1,0,0,1,0,0,1262,,
0.0,0.0,1.0,1.0,0.0,0.0,0.0,1.2110902720522467,8.350934588873256,7.100539470197856,6.992627077037646,0.0,1.0986122886681098,2.3978952727983707,1.0835275092277952,0.6,0.0,0,0,0,1,0,1,0,0,1,0,1,0,1263,,
0.0,0.0,0.0,0.0,9.472205335659934,0.0,0.0,0.0,0.0,0.0,5.880934940801736,0.0,0.0,1.9459101490553132,1.103634256646688,0.2857142857142857,0.0,0,0,0,1,1,1,0,0,1,0,0,0,1264,1.0,36.82660714
0.0,0.0,0.0,0.0,7.987182685370319,0.0,0.0,0.0,0.0,0.0,5.9010200108381765,1.3862943611198906,1.6094379124341003,0.0,0.6242611605522833,0.2222222222222222,0.0,0,0,0,1,1,0,1,0,0,0,0,1,1265,0.0,0.0
0.0,1.0,0.0,0.0,7.647628249594876,0.0,8.954748153942788,0.0,0.0,0.0,7.2071310347844495,0.6931471805599453,1.6094379124341003,2.1972245773362196,1.3083496056685262,0.26666666666666666,0.0,0,0,0,0,0,0,0,0,0,1,0,0,1266,0.0,0.0
1.0,0.0,0.0,1.0,7.469677384749391,7.581144077477068,0.0,0.0,8.369478174911084,6.1362874191729295,6.9371049748964575,1.791759469228055,0.0,1.6094379124341003,1.0377970647960177,0.53125,0.8944673657056087,0,0,0,1,0,0,1,0,0,0,1,0,1267,0.0,0.0
0.0,0.0,0.0,0.0,6.199272536090241,0.0,0.0,0.0,0.0,0.0,0.014888612493750654,0.0,0.0,0.0,0.00763636363747438,1.0,0.0,0,0,0,1,1,0,0,0,0,0,0,1,1268,0.0,0.0
0.0,0.0,0.0,0.0,6.244273691077941,0.0,0.0,0.0,0.0,0.0,0.0,0.0,0.0,0.0,0.0,0.0,0.0,0,1,0,1,1,0,1,0,0,0,0,0,1269,0.0,0.0
0.0,0.0,0.0,0.0,1.5386321742683233,0.0,0.0,0.0,0.0,0.0,0.017699577239751796,1.0986122886681098,1.0986122886681098,0.0,6.498570366181514e-05,0.25,0.0,0,0,0,1,1,0,1,0,0,0,0,0,1270,,
1.0,1.0,0.0,0.0,8.410289660589228,7.596644837217707,0.0,0.0,0.0,0.0,6.764692071979351,0.6931471805599453,2.772588722239781,2.6390573296152584,0.7561918795291032,0.16666666666666666,2.2567472185245903,0,0,0,0,0,1,1,0,0,1,0,0,1271,,
0.0,1.0,0.0,0.0,8.663404848548742,0.0,8.676281761884423,0.0,0.0,0.0,7.654159672528417,1.3862943611198906,1.6094379124341003,2.302585092994046,1.0923407507913463,0.2777777777777778,0.0,0,0,0,0,1,1,1,0,0,1,0,0,1272,0.0,0.0
0.0,0.0,0.0,0.0,5.117694366389664,0.0,0.0,0.0,0.0,0.0,7.1382366989666375,1.0986122886681098,2.6390573296152584,2.0794415416798357,1.3650388895999852,0.17391304347826086,0.0,0,0,0,1,1,1,0,1,0,0,0,1,1273,1.0,0.777142857
0.0,6.0,0.0,0.0,2.8024508765236944,0.0,0.0,0.0,0.0,0.0,6.902297555567409,0.6931471805599453,1.0986122886681098,2.1972245773362196,0.39747112144232294,0.45454545454545453,0.0,0,0,0,0,1,1,1,0,0,0,0,0,1274,0.0,0.0
0.0,0.0,0.0,0.0,3.7084807305031275,0.0,0.0,0.0,0.0,0.0,0.009596661388802302,0.0,0.0,0.0,0.0038097925208731833,0.5,0.0,0,0,0,1,1,0,0,0,1,1,0,0,1275,1.0,0.969821429
0.0,0.0,0.0,2.0,9.540861030180638,0.0,0.0,0.0,7.476239786731999,0.0,6.244774898902139,0.6931471805599453,0.0,0.0,3.681663797534509,0.6666666666666666,0.0,0,0,0,1,1,1,1,0,0,0,1,0,1276,0.0,0.0
1.0,5.0,1.0,0.0,2.1235865802482805,8.080576810318794,0.0,0.8873031951773733,0.0,0.0,8.586522073058786,1.6094379124341003,3.2188758248682006,2.3978952727983707,1.9025885075609497,0.22727272727272727,0.0022789014479294976,0,0,0,0,1,1,0,0,0,0,0,0,1277,1.0,4.704821429
1.0,0.0,0.0,0.0,8.285264286649099,11.385015454955507,0.0,0.0,0.0,0.0,7.244268841178008,1.0986122886681098,1.9459101490553132,2.70805020110221,0.9032317533741873,0.2,0.045049560916434854,0,0,0,1,0,0,0,1,0,1,0,0,1278,,
0.0,0.0,0.0,0.0,8.2462546369206,0.0,0.0,0.0,0.0,0.0,8.78199870437952,0.6931471805599453,0.6931471805599453,2.1972245773362196,2.022142297336096,0.36363636363636365,0.0,0,0,0,1,1,1,0,1,0,0,0,1,1279,0.0,0.0
0.0,0.0,0.0,0.0,10.134307564289854,0.0,0.0,0.0,0.0,0.0,4.968823226281816,0.0,1.6094379124341003,0.0,0.8259636908633715,0.6,0.0,0,0,0,1,1,0,0,1,0,0,0,0,1280,,
0.0,0.0,0.0,0.0,8.88767187393059,0.0,0.0,0.0,0.0,0.0,6.621406602895506,0.0,0.0,2.1972245773362196,0.9731783046147819,0.2727272727272727,0.0,0,0,0,1,1,0,1,0,0,0,0,0,1281,,
0.0,3.0,1.0,0.0,9.406382313174088,0.0,7.555303074568132,0.0,0.0,0.0,9.82812452389763,0.0,3.367295829986474,0.0,1.4356898153982636,0.3142857142857143,0.0,0,0,0,0,1,1,0,0,0,1,0,0,1282,1.0,1.423035714
0.0,0.0,0.0,0.0,6.425195435133119,0.0,0.0,0.0,0.0,0.0,7.4008498467497,0.6931471805599453,1.6094379124341003,2.3978952727983707,0.3934942515164449,0.3333333333333333,0.0,0,0,0,1,1,1,0,1,0,0,0,1,1283,0.0,0.0
0.0,0.0,0.0,0.0,2.940068540592421,0.0,0.0,0.0,0.0,0.0,6.572687056251981,0.0,1.791759469228055,0.0,3.264448376632471,0.2857142857142857,0.0,0,0,0,1,1,0,0,1,0,0,0,0,1284,0.0,0.0
0.0,0.0,0.0,0.0,4.446216322671559,0.0,0.0,0.0,0.0,0.0,6.315746068890763,0.6931471805599453,2.1972245773362196,1.0986122886681098,0.9680915673539324,0.16666666666666666,0.0,0,0,0,1,1,1,0,0,1,0,0,0,1285,0.0,0.0
0.0,3.0,0.0,0.0,8.63290341361169,0.0,8.179995791968006,0.0,0.0,0.0,6.2156960777579755,1.3862943611198906,1.6094379124341003,1.791759469228055,0.9890637043669434,0.38461538461538464,0.0,0,0,0,0,1,1,1,0,0,0,0,1,1286,0.0,0.0
0.0,0.0,1.0,0.0,7.994133632643422,0.0,0.0,5.755780639747352,0.0,0.0,7.793107159701154,2.0794415416798357,0.6931471805599453,2.3978952727983707,1.0680927712463801,0.42857142857142855,0.0,0,0,0,1,0,1,1,0,0,0,0,1,1287,0.0,0.0
1.0,0.0,1.0,0.0,5.622217279169384,6.292665760272191,0.0,2.3513752571634776,0.0,0.0,6.951656300270654,0.0,1.0986122886681098,1.9459101490553132,1.5789018849970546,0.6363636363636364,0.5105737861441737,0,0,0,1,0,1,1,0,0,0,0,0,1288,,
3.0,4.0,0.0,0.0,7.552723671094421,8.977922563505722,0.0,0.0,0.0,0.0,7.650616346472061,0.0,2.70805020110221,2.1972245773362196,0.08580629712445378,0.2916666666666667,0.24036479352828577,0,0,0,0,1,0,0,0,0,0,0,0,1289,,
0.0,0.0,0.0,0.0,9.790538275484709,0.0,0.0,0.0,0.0,5.818659705288229,5.970535446183556,0.0,1.9459101490553132,0.6931471805599453,1.4796821532405147,0.75,0.0,0,0,0,1,0,1,0,1,0,0,0,1,1290,0.0,0.0
1.0,3.0,0.0,0.0,7.455678691013203,8.672107701850608,10.508512235677069,0.0,0.0,0.0,7.489235592809384,1.0986122886681098,2.0794415416798357,1.3862943611198906,1.0344187657138801,0.4666666666666667,0.29616575010196605,0,0,0,0,0,0,1,0,0,0,0,1,1291,0.0,0.0
0.0,0.0,0.0,0.0,5.504585032164494,0.0,0.0,0.0,0.0,0.0,3.2588517473944667,1.0986122886681098,1.0986122886681098,0.6931471805599453,0.011485574790558185,0.3333333333333333,0.0,0,0,0,1,1,0,0,1,0,0,1,0,1292,1.0,1.0275
1.0,0.0,0.0,0.0,6.145358306148207,5.5534439637152975,0.0,0.0,0.0,0.0,9.6212138285661,0.6931471805599453,0.0,1.791759469228055,0.9912888984069506,0.9565217391304348,1.8105854572678657,0,0,0,1,0,0,1,0,0,0,1,0,1293,0.0,0.0
0.0,0.0,0.0,0.0,6.8887479211333655,0.0,0.0,0.0,0.0,0.0,7.614072495636409,1.3862943611198906,1.0986122886681098,1.0986122886681098,1.0112152373924406,0.8181818181818182,0.0,0,0,0,1,0,0,0,1,0,0,0,1,1294,0.0,0.0
0.0,0.0,1.0,1.0,7.4098284255237585,0.0,0.0,5.3844819567399025,5.712261898843824,6.805297292906883,6.605254424873709,1.0986122886681098,2.1972245773362196,1.3862943611198906,0.9564576910958433,0.2857142857142857,0.0,0,0,0,1,0,1,1,0,0,0,0,1,1295,,
0.0,0.0,0.0,1.0,4.429566016941661,0.0,0.0,0.0,8.082859362905277,0.0,7.6744026577529185,2.5649493574615367,2.8903717578961645,1.9459101490553132,0.9893751973578111,0.08888888888888889,0.0,0,0,0,1,1,0,0,1,0,0,1,0,1296,,
0.0,0.0,0.0,0.0,2.750219858636591,0.0,0.0,0.0,0.0,0.0,6.02346229357937,2.0794415416798357,2.9444389791664403,1.791759469228055,0.7353827617821962,0.06451612903225806,0.0,0,0,0,1,1,0,0,0,1,0,0,1,1297,,
0.0,0.0,0.0,1.0,3.7304326099106273,0.0,0.0,0.0,6.462833872896766,0.0,5.190575048315773,0.0,0.0,0.0,0.5146943892877115,0.6666666666666666,0.0,0,0,0,1,1,0,1,0,0,0,0,1,1298,0.0,0.0
0.0,0.0,0.0,0.0,7.453776837528441,0.0,0.0,0.0,0.0,0.0,6.285467892710435,0.0,0.0,1.3862943611198906,3.794593979720636,0.5,0.0,0,0,0,1,1,0,0,0,0,1,0,0,1299,0.0,0.0
0.0,0.0,0.0,0.0,0.0,0.0,0.0,0.0,0.0,0.0,5.063546207732037,1.6094379124341003,0.0,1.3862943611198906,0.4795346555134932,0.25,0.0,0,0,0,1,0,1,1,0,0,0,1,0,1300,,
0.0,0.0,0.0,0.0,6.404257502673983,0.0,0.0,0.0,0.0,4.549695228305039,6.685166038259421,0.0,0.0,2.4849066497880004,1.3610859782054419,0.5384615384615384,0.0,0,0,0,1,0,1,0,1,0,1,0,0,1301,0.0,0.0
1.0,0.0,0.0,0.0,3.6064387844178944,7.543835953243212,0.0,0.0,0.0,0.0,0.011716803384835096,0.0,1.6094379124341003,1.0986122886681098,0.011525959087327804,0.3333333333333333,0.01897958508259128,0,0,0,1,1,1,0,0,1,1,0,0,1302,1.0,10.12642857
0.0,0.0,0.0,0.0,10.099360415877639,0.0,0.0,0.0,0.0,0.0,6.800262332531248,1.3862943611198906,2.302585092994046,1.0986122886681098,1.0487776872679198,0.25,0.0,0,0,0,1,1,1,0,1,0,0,1,0,1303,0.0,0.0
0.0,0.0,0.0,0.0,8.509991535833679,0.0,0.0,0.0,0.0,0.0,6.287262923511809,0.6931471805599453,0.0,2.0794415416798357,0.9879067621938339,0.2222222222222222,0.0,0,0,0,1,0,0,0,1,0,1,0,0,1304,,
0.0,0.0,0.0,0.0,4.311690386751799,0.0,0.0,0.0,0.0,0.0,6.602018336671957,0.6931471805599453,2.0794415416798357,1.9459101490553132,1.2362175658165624,0.26666666666666666,0.0,0,0,0,1,0,1,1,0,0,0,0,1,1305,0.0,0.0
0.0,0.0,0.0,0.0,5.538169126693912,0.0,0.0,0.0,0.0,0.0,6.8879908867129895,1.3862943611198906,1.9459101490553132,0.0,1.1054688885969546,0.2727272727272727,0.0,0,0,0,1,1,0,1,0,0,0,1,0,1306,0.0,0.0
0.0,0.0,0.0,0.0,0.01277519162976655,0.0,0.0,0.0,0.0,0.0,7.281710799971306,1.3862943611198906,2.70805020110221,2.833213344056216,1.1129049341426172,0.11428571428571428,0.0,0,0,0,1,0,0,0,1,0,0,1,0,1307,0.0,0.0
0.0,0.0,0.0,0.0,2.6110147240948978,0.0,0.0,0.0,0.0,0.0,0.0,0.0,0.0,0.0,0.0,0.0,0.0,0,0,0,1,1,0,0,0,0,0,0,0,1308,0.0,0.0
0.0,0.0,0.0,0.0,0.03956406093345479,0.0,0.0,0.0,0.0,0.0,7.012918061191994,0.0,2.1972245773362196,1.6094379124341003,2.677506402612203,0.5,0.0,0,0,0,1,1,1,0,1,0,0,1,0,1309,0.0,0.0
0.0,0.0,0.0,0.0,8.2988398452281,0.0,0.0,0.0,0.0,0.0,6.238071384187688,0.0,0.0,2.70805020110221,0.5095092393422531,0.1875,0.0,0,0,0,1,1,1,1,0,0,0,1,0,1310,,
0.0,0.0,0.0,0.0,5.053915978120756,0.0,0.0,0.0,0.0,0.0,6.667876489352863,0.6931471805599453,1.3862943611198906,2.4849066497880004,1.0666219013554041,0.17647058823529413,0.0,0,0,0,1,1,0,0,0,1,0,1,0,1311,0.0,0.0
0.0,0.0,0.0,0.0,9.332244428106803,0.0,0.0,0.0,0.0,0.0,6.864177631029962,1.0986122886681098,2.1972245773362196,2.3978952727983707,0.9999802080171609,0.38095238095238093,0.0,0,0,0,1,1,1,0,1,0,0,0,1,1312,0.0,0.0
0.0,0.0,0.0,0.0,6.949323852023281,0.0,0.0,0.0,0.0,0.0,5.972109694545731,0.0,0.0,2.1972245773362196,0.6634356603077862,0.2222222222222222,0.0,0,0,0,1,1,1,0,0,1,1,0,0,1313,,
0.0,0.0,0.0,0.0,8.13319266907998,0.0,0.0,0.0,0.0,0.0,6.153751931913853,1.6094379124341003,1.791759469228055,1.3862943611198906,1.2681669363250558,0.5,0.0,0,0,0,1,0,1,1,0,0,0,1,0,1314,,
0.0,0.0,1.0,1.0,7.981898239605026,0.0,0.0,0.5389965005660203,7.814719799428071,5.6720632688959585,7.353040050964988,1.3862943611198906,3.1780538303479458,2.4849066497880004,0.8570622680428196,0.27906976744186046,0.0,0,0,0,1,0,0,1,0,0,1,0,0,1315,1.0,2.724642857
1.0,0.0,1.0,0.0,7.671738298387595,8.67624691332102,0.0,3.7914682749971713,0.0,0.0,7.888349236564065,1.6094379124341003,3.295836866004329,2.3978952727983707,0.9089145762626526,0.0975609756097561,0.3661164136020289,0,0,0,1,0,0,0,1,0,0,0,1,1316,0.0,0.0
0.0,0.0,0.0,0.0,6.078039444958617,0.0,0.0,0.0,0.0,0.0,6.983268182257785,1.0986122886681098,3.4011973816621555,1.3862943611198906,1.4495090266668431,0.17142857142857143,0.0,0,0,0,1,1,0,1,0,0,0,0,1,1317,1.0,5.987678571
0.0,0.0,0.0,0.0,8.174176184351737,0.0,0.0,0.0,0.0,0.0,5.634307344043866,0.0,1.0986122886681098,0.0,3.552420382165605,2.0,0.0,0,0,0,1,1,0,0,1,0,0,0,1,1318,0.0,0.0
0.0,0.0,0.0,0.0,5.454446190414782,0.0,0.0,0.0,0.0,0.0,6.605920190086147,0.0,0.0,1.3862943611198906,0.7608591498911034,0.25,0.0,0,0,0,1,1,0,0,0,0,1,0,0,1319,,
0.0,0.0,0.0,0.0,5.982078673026613,0.0,0.0,0.0,0.0,6.352641218026693,7.11957264493329,0.6931471805599453,0.6931471805599453,1.9459101490553132,3.008765823694436,0.36363636363636365,0.0,0,0,0,1,0,1,0,1,0,0,0,1,1320,,
0.0,0.0,0.0,0.0,3.2655821866668413,0.0,0.0,0.0,0.0,0.0,5.873744232578337,1.3862943611198906,0.0,0.0,0.6325696080628845,0.75,0.0,0,0,0,1,1,1,1,0,0,0,0,1,1321,,
0.0,2.0,0.0,0.0,6.121826077210073,0.0,0.0,0.0,0.0,4.550996808244528,6.7305504664566635,0.6931471805599453,1.9459101490553132,1.791759469228055,1.0305259656830048,0.13333333333333333,0.0,0,0,0,0,0,1,0,1,0,1,0,0,1322,0.0,0.0
0.0,0.0,0.0,0.0,5.788008726783742,0.0,0.0,0.0,0.0,0.0,6.356859486164006,0.0,1.6094379124341003,1.0986122886681098,2.276689275173096,0.8333333333333334,0.0,0,0,0,1,1,0,0,0,1,0,0,1,1323,0.0,0.0
1.0,2.0,0.0,0.0,9.698222466004173,0.0,9.341819879924422,0.0,0.0,0.0,5.880937932331989,0.0,0.0,1.0986122886681098,15.734608146883772,1.0,0.0,0,0,0,0,1,1,0,1,0,0,0,1,1324,,
1.0,0.0,0.0,0.0,9.586221515579568,9.174647463053608,0.0,0.0,0.0,0.0,7.413670796280918,2.3978952727983707,3.6888794541139363,1.9459101490553132,0.9238922643790645,0.11290322580645161,1.5092442380029791,0,0,0,1,1,1,0,0,0,0,1,0,1325,0.0,0.0
0.0,0.0,0.0,0.0,7.685008056338666,0.0,0.0,0.0,0.0,0.0,6.9431238021621065,1.0986122886681098,1.3862943611198906,2.0794415416798357,0.9557713935355493,0.3076923076923077,0.0,0,0,0,1,1,1,0,1,0,0,0,1,1326,,
0.0,0.0,0.0,0.0,8.953387844787226,0.0,0.0,0.0,0.0,0.0,4.94368625113955,0.0,0.0,0.0,1.9085668563405076,1.0,0.0,0,0,0,1,1,1,0,1,0,0,1,0,1327,0.0,0.0
0.0,7.0,0.0,0.0,6.228291199159825,0.0,0.0,0.0,0.0,0.0,7.2921519016937175,1.9459101490553132,2.9444389791664403,3.091042453358316,0.984827999092282,0.058823529411764705,0.0,0,0,0,0,1,1,0,1,0,1,0,0,1328,0.0,0.0
0.0,45.0,0.0,0.0,6.574948815237959,0.0,11.408275208907217,0.0,0.0,0.0,8.090142641984968,1.3862943611198906,2.1972245773362196,3.044522437723423,1.3151480357384104,0.1875,0.0,0,0,0,0,1,0,0,0,0,0,1,0,1329,1.0,13.35714286
1.0,0.0,0.0,0.0,8.568898490258295,11.686322011248755,0.0,0.0,0.0,0.0,5.8417363652294885,1.0986122886681098,0.0,0.0,1.001515624833144,1.5,0.04426304925046814,0,0,0,1,1,1,0,0,0,0,0,0,1330,0.0,0.0
0.0,0.0,0.0,0.0,6.996404688663403,0.0,0.0,0.0,0.0,0.0,0.2727497093272354,0.0,0.0,1.0986122886681098,0.005110593720367376,0.3333333333333333,0.0,0,0,0,1,1,0,0,0,1,1,0,0,1331,,
0.0,0.0,0.0,0.0,0.0,0.0,0.0,0.0,0.0,6.248589146937916,7.18213009408004,0.0,1.6094379124341003,1.791759469228055,2.440293006032483,0.4,0.0,0,0,0,1,0,1,1,0,0,0,0,1,1332,,
0.0,0.0,0.0,1.0,9.622919945484638,0.0,0.0,0.0,7.015998029607295,0.0,7.401168904104793,1.9459101490553132,2.4849066497880004,2.6390573296152584,1.2344881285417848,0.15789473684210525,0.0,0,0,0,1,1,1,1,0,0,0,0,1,1333,0.0,0.0
1.0,0.0,1.0,0.0,2.500088440154777,5.325060140997701,0.0,1.0622446445466176,0.0,0.0,6.221123966769953,1.3862943611198906,3.044522437723423,1.9459101490553132,0.5172746713359799,0.29411764705882354,0.05470860166150981,0,0,0,1,1,0,0,0,1,0,0,1,1334,0.0,0.0
0.0,0.0,0.0,0.0,4.524862264623513,0.0,0.0,0.0,0.0,0.0,7.21061427531761,1.0986122886681098,2.1972245773362196,2.1972245773362196,1.1427003548567156,0.48,0.0,0,0,0,1,0,0,0,0,1,0,0,0,1335,0.0,0.0
0.0,0.0,0.0,0.0,7.1828952774140635,0.0,0.0,0.0,0.0,0.0,5.8908269876575545,0.6931471805599453,0.0,1.3862943611198906,1.7022956348630973,0.4,0.0,0,0,0,1,1,1,0,1,0,0,0,1,1336,,
1.0,6.0,0.0,0.0,0.0,8.276713992308038,8.201183560375265,0.0,0.0,0.0,7.4117932041551455,0.0,0.0,2.0794415416798357,1.2835795334710616,1.0,0.0,0,0,0,0,1,0,0,1,0,0,0,1,1337,1.0,3.900178571
0.0,0.0,0.0,0.0,5.022693256458337,0.0,0.0,0.0,0.0,0.0,0.0010708554296057233,0.0,0.0,0.0,0.0,0.0,0.0,0,0,0,1,1,1,1,0,0,1,0,0,1338,1.0,19.46107143
0.0,0.0,0.0,0.0,9.050154894331378,0.0,0.0,0.0,0.0,0.0,5.79410730459254,1.0986122886681098,2.5649493574615367,1.791759469228055,0.7280247493214952,0.09090909090909091,0.0,0,0,0,1,1,1,0,0,1,1,0,0,1339,,
0.0,0.0,0.0,0.0,3.9458514591389027,0.0,0.0,0.0,0.0,0.0,8.66981280186902,1.6094379124341003,1.9459101490553132,2.302585092994046,1.1102857162524442,0.14285714285714285,0.0,0,0,0,1,1,1,0,1,0,0,0,0,1340,0.0,0.0
0.0,0.0,0.0,0.0,8.59679874866114,0.0,0.0,0.0,0.0,0.0,9.013751852871756,0.0,0.0,0.6931471805599453,0.9987841323431922,0.5,0.0,0,0,0,1,1,1,1,0,0,0,0,1,1341,,
0.0,0.0,0.0,0.0,9.615746216328285,0.0,0.0,0.0,0.0,0.0,7.652737642931264,1.6094379124341003,2.9444389791664403,2.70805020110221,0.9607543489743464,0.15,0.0,0,0,0,1,0,1,1,0,0,0,0,1,1342,0.0,0.0
0.0,0.0,0.0,1.0,4.368706166979999,0.0,0.0,0.0,8.211336286091777,0.0,7.803041524648945,1.6094379124341003,2.302585092994046,1.6094379124341003,0.8782334510861427,0.54,0.0,0,0,0,1,0,1,1,0,0,0,0,1,1343,,
0.0,0.0,0.0,0.0,10.432806207039173,0.0,0.0,0.0,0.0,0.0,5.999652363763941,1.0986122886681098,1.3862943611198906,2.302585092994046,0.582749415374987,0.3333333333333333,0.0,0,0,0,1,0,1,0,0,0,0,1,0,1344,0.0,0.0
2.0,0.0,1.0,1.0,6.197339856855672,4.310295642954806,0.0,5.0729391771639545,8.35493700057611,0.0,6.980508405174995,0.6931471805599453,1.9459101490553132,1.6094379124341003,0.9107327073091676,0.5,6.676059213884635,0,0,0,1,1,0,0,0,0,0,0,1,1345,0.0,0.0
0.0,0.0,0.0,0.0,6.48069071600757,0.0,0.0,0.0,0.0,0.0,2.5055550908514723,0.0,0.0,0.6931471805599453,0.7683170731255253,1.0,0.0,0,0,0,1,1,0,1,0,0,1,0,0,1346,0.0,0.0
0.0,0.0,0.0,0.0,9.327160944613594,0.0,0.0,0.0,0.0,4.78289488423198,6.002801822392079,1.3862943611198906,0.0,1.6094379124341003,0.9474050474368207,0.5,0.0,0,0,0,1,0,1,0,0,0,1,0,0,1347,0.0,0.0
1.0,3.0,0.0,0.0,8.578706426675245,8.239512933640825,5.73619204099731,0.0,0.0,0.0,0.0017841215082964072,0.0,0.0,1.0986122886681098,0.00384200000006104,1.0,1.403921587822626,0,0,0,0,1,1,1,0,0,0,0,0,1348,0.0,0.0
0.0,0.0,0.0,0.0,5.154585142474835,0.0,0.0,0.0,0.0,0.0,4.968828191599763,2.4849066497880004,2.1972245773362196,0.0,0.7266440198372329,0.10526315789473684,0.0,0,0,0,1,0,1,0,1,0,0,0,1,1349,,
0.0,0.0,0.0,0.0,1.6581600470514797,0.0,0.0,0.0,0.0,0.0,6.69448735634977,1.6094379124341003,2.5649493574615367,1.3862943611198906,0.6425561176992859,0.08333333333333333,0.0,0,0,0,1,1,0,0,0,0,0,1,0,1350,0.0,0.0
1.0,5.0,0.0,0.0,3.849744785058409,8.909726230142605,6.83885066892146,0.0,0.0,0.0,6.109925130954519,0.0,2.0794415416798357,1.9459101490553132,1.1262196310274173,0.21428571428571427,0.006211447421419561,0,0,0,0,1,0,1,0,0,0,1,0,1351,0.0,0.0
0.0,0.0,0.0,0.0,7.709485046797603,0.0,0.0,0.0,0.0,0.0,4.89143071302279,0.6931471805599453,1.0986122886681098,0.0,1.7236699902202741,0.6666666666666666,0.0,0,0,0,1,1,0,0,0,1,1,0,0,1352,0.0,0.0
0.0,0.0,1.0,0.0,7.137576768748763,0.0,0.0,3.4361162728613404,0.0,0.0,5.693492812523353,0.0,0.0,0.6931471805599453,0.9991051913012167,0.8571428571428571,0.0,0,0,0,1,1,1,1,0,0,1,0,0,1353,1.0,6.714821429
0.0,0.0,0.0,0.0,9.972374951861086,0.0,0.0,0.0,0.0,0.0,5.371967708362109,0.0,1.791759469228055,0.0,1.1000311673511294,0.25,0.0,0,0,0,1,1,1,0,0,0,0,1,0,1354,,
0.0,0.0,0.0,0.0,0.4657535391443015,0.0,0.0,0.0,0.0,0.0,6.826674979671528,0.0,0.0,0.0,1031.6539998829355,2.0,0.0,0,0,0,1,1,0,0,1,0,0,1,0,1355,0.0,0.0
0.0,0.0,0.0,0.0,5.465191352455934,0.0,0.0,0.0,0.0,0.0,7.525409875255246,0.0,0.6931471805599453,0.0,1.0092679486748448,1.0,0.0,0,0,0,1,1,0,1,0,0,0,0,1,1356,,
0.0,0.0,0.0,0.0,1.2320395092835836,0.0,0.0,0.0,0.0,0.0,2.7269186856869667,0.6931471805599453,0.0,0.0,1.0,1.0,0.0,0,0,0,1,1,0,0,1,0,0,0,0,1357,,
1.0,0.0,0.0,0.0,2.2235805367464567,8.585467404783625,0.0,0.0,0.0,0.0,4.282743842320519,0.0,0.0,0.0,0.0,0.0,0.0015395934346424688,0,0,0,1,1,0,0,0,0,0,0,1,1358,,
1.0,0.0,0.0,0.0,8.732846014265048,7.146840512550948,0.0,0.0,0.0,0.0,0.002853069124856589,0.6931471805599453,1.6094379124341003,0.6931471805599453,0.0010115739588010008,0.2857142857142857,4.887260607723324,0,0,0,1,1,1,1,0,0,1,0,0,1359,,
0.0,0.0,1.0,0.0,6.4783439493732065,0.0,0.0,3.6835079104197455,0.0,0.0,0.03509132008713217,0.0,0.0,1.3862943611198906,0.012970172685714286,0.5714285714285714,0.0,0,0,0,1,1,1,1,0,0,0,0,1,1360,,
0.0,0.0,0.0,0.0,7.962121687414493,0.0,0.0,0.0,0.0,0.0,0.0042765564827652106,0.0,0.0,0.0,0.002181818036680992,1.0,0.0,0,0,0,1,1,0,0,1,0,0,0,0,1361,0.0,0.0
1.0,0.0,1.0,0.0,9.995837511114853,10.665664637230641,0.0,5.867526784102544,0.0,0.0,6.060899820654043,1.9459101490553132,2.3978952727983707,0.6931471805599453,0.7737013456219702,0.2608695652173913,0.5117856552365233,0,0,0,1,1,0,0,0,1,1,0,0,1362,0.0,0.0
0.0,0.0,0.0,0.0,8.784907514302907,0.0,0.0,0.0,0.0,0.0,3.896183941311317,0.6931471805599453,0.0,0.0,2.699999999328,1.0,0.0,0,0,0,1,1,0,1,0,0,0,0,0,1363,,
1.0,0.0,0.0,0.0,0.0,8.486225902096304,0.0,0.0,0.0,5.567823648292106,6.910757909571672,0.6931471805599453,2.4849066497880004,2.9444389791664403,0.770214170648582,0.3225806451612903,0.0,0,0,0,1,0,0,1,0,0,1,0,0,1364,0.0,0.0
1.0,0.0,0.0,0.0,8.543199157180638,8.235640107880947,0.0,0.0,0.0,0.0,7.3700738732222995,2.772588722239781,0.6931471805599453,2.1972245773362196,0.9142599348618176,0.225,1.3601965846681348,0,0,0,1,1,0,1,0,0,0,0,1,1365,,
0.0,0.0,0.0,0.0,3.8745510480537626,0.0,0.0,0.0,0.0,0.0,6.394069616869454,0.6931471805599453,0.6931471805599453,2.70805020110221,0.9452337083555237,0.16666666666666666,0.0,0,0,0,1,0,0,1,0,0,0,0,0,1366,,
1.0,0.0,0.0,0.0,0.0,10.588226635656856,0.0,0.0,0.0,0.0,7.5743404712196645,1.791759469228055,0.6931471805599453,2.4849066497880004,1.0624488801533964,0.2777777777777778,0.0,0,0,0,1,1,0,1,0,0,0,0,0,1367,0.0,0.0
0.0,0.0,0.0,0.0,10.811469900981361,0.0,0.0,0.0,0.0,0.0,6.99459527236977,2.0794415416798357,3.4657359027997265,0.0,0.7710852202697343,0.05,0.0,0,0,0,1,1,1,0,0,0,1,0,0,1368,0.0,0.0
0.0,0.0,1.0,0.0,3.037970407595174,0.0,0.0,6.417909810196232,0.0,0.0,8.321698592799667,1.791759469228055,3.6109179126442243,2.4849066497880004,0.9631036445735439,0.39473684210526316,0.0,0,0,0,1,0,1,1,0,0,1,0,0,1369,0.0,0.0
0.0,0.0,1.0,0.0,5.8343866705509235,0.0,0.0,6.5698965816282815,0.0,0.0,5.931058428089947,1.3862943611198906,1.9459101490553132,0.6931471805599453,1.267643123008564,0.4166666666666667,0.0,0,0,0,1,1,1,1,0,0,0,0,0,1370,,
0.0,0.0,0.0,0.0,6.633084383392839,0.0,0.0,0.0,0.0,0.0,0.0,0.0,0.0,0.0,0.849928226450482,1.0,0.0,0,0,0,1,1,1,0,1,0,0,1,0,1371,0.0,0.0
1.0,0.0,0.0,0.0,5.419464578346078,6.309989704221074,0.0,0.0,0.0,0.0,0.002853069124856589,0.0,0.0,0.0,0.0,0.0,0.4093663607576706,0,0,0,1,1,1,0,0,0,0,0,1,1372,0.0,0.0
0.0,0.0,0.0,0.0,7.059067955771456,0.0,0.0,0.0,0.0,0.0,10.41661932220235,1.6094379124341003,1.9459101490553132,3.091042453358316,0.7579553101156997,0.8181818181818182,0.0,0,0,0,1,1,0,0,0,0,0,0,0,1373,,
0.0,0.0,0.0,0.0,0.6043159668533296,0.0,0.0,0.0,0.0,0.0,7.410950364095191,1.6094379124341003,0.6931471805599453,3.044522437723423,0.8550050615134865,0.2903225806451613,0.0,0,0,0,1,0,0,0,1,0,0,1,0,1374,,
0.0,0.0,0.0,0.0,3.888308307468358,0.0,0.0,0.0,0.0,0.0,6.669694771022485,0.0,1.9459101490553132,0.6931471805599453,1.2768126520681264,0.25,0.0,0,0,0,1,1,0,0,1,0,1,0,0,1375,0.0,0.0
0.0,0.0,0.0,1.0,4.8281708702972965,0.0,0.0,0.0,7.9911904760504,0.0,4.541777674597095,0.0,0.0,0.0,1.7086634218407686,1.0,0.0,0,0,0,1,1,0,0,0,0,0,0,0,1376,0.0,0.0
0.0,0.0,0.0,0.0,5.671910880876304,0.0,0.0,0.0,0.0,0.0,6.0675505362848305,1.0986122886681098,0.0,0.6931471805599453,1.2041765704339347,0.3333333333333333,0.0,0,0,0,1,1,0,0,1,0,0,0,1,1377,,
0.0,0.0,0.0,0.0,5.514723990038872,0.0,0.0,0.0,0.0,6.927560357255706,3.999634797449257,1.0986122886681098,3.295836866004329,0.0,0.03984193783111135,0.06896551724137931,0.0,0,0,0,1,0,1,0,0,1,0,1,0,1378,0.0,0.0
0.0,0.0,0.0,0.0,5.901584774566027,0.0,0.0,0.0,0.0,0.0,6.633478664784729,1.0986122886681098,2.3978952727983707,2.3978952727983707,1.1097756004469252,0.13636363636363635,0.0,0,0,0,1,1,0,0,1,0,0,1,0,1379,0.0,0.0
0.0,0.0,0.0,0.0,8.181286794677439,0.0,0.0,0.0,0.0,0.0,0.00035707923961937285,1.0986122886681098,0.0,1.0986122886681098,5.467470749162766e-06,0.25,0.0,0,0,0,1,1,0,1,0,0,0,0,1,1380,,
0.0,0.0,0.0,0.0,4.982725607702046,0.0,0.0,0.0,0.0,0.0,6.350219201972973,0.6931471805599453,1.791759469228055,0.0,10.015838548686252,0.5,0.0,0,0,0,1,1,1,1,0,0,0,1,0,1381,0.0,0.0
0.0,0.0,0.0,0.0,6.0633656855838165,0.0,0.0,0.0,0.0,0.0,6.915599787215715,0.6931471805599453,2.1972245773362196,1.3862943611198906,0.990852122065064,0.84375,0.0,0,0,0,1,0,0,0,0,0,0,1,0,1382,0.0,0.0
1.0,6.0,0.0,0.0,5.3024143195630415,7.856834266968378,0.0,0.0,0.0,0.0,6.308991225191064,0.6931471805599453,0.0,1.0986122886681098,0.7321351722691667,0.6,0.0773801670001275,0,0,0,0,1,1,1,0,0,0,0,0,1383,1.0,10.90982143
1.0,0.0,1.0,0.0,9.020518731215693,5.472896228391484,0.0,6.17453730980112,0.0,6.571155034148222,6.7416652748984545,0.6931471805599453,1.791759469228055,1.6094379124341003,1.2978979310134213,0.42857142857142855,34.87288126419982,0,0,0,1,0,1,1,0,0,0,1,0,1384,0.0,0.0
1.0,0.0,0.0,0.0,5.411028833289844,9.120653601128078,0.0,0.0,0.0,6.524812311204864,4.710440340163442,0.0,1.0986122886681098,2.833213344056216,0.12591665590776005,0.3157894736842105,0.02437999334877628,0,0,0,1,0,1,1,0,0,0,0,1,1385,,
1.0,0.0,0.0,0.0,4.326542239089068,10.237064364314673,0.0,0.0,0.0,0.0,0.025737363233676126,0.0,0.0,0.0,0.0,0.0,0.002675049126720095,0,0,0,1,1,0,0,1,0,0,0,0,1386,0.0,0.0
0.0,0.0,0.0,1.0,6.750332585234296,0.0,0.0,0.0,9.34694257632843,0.0,5.35809793483973,0.0,0.0,1.0986122886681098,0.8346150299857882,0.5833333333333334,0.0,0,0,0,1,0,1,0,0,1,0,1,0,1387,0.0,0.0
1.0,0.0,0.0,0.0,6.140704720752976,8.58886420685871,0.0,0.0,0.0,0.0,6.80407034286764,1.9459101490553132,0.0,1.9459101490553132,0.9661680332168481,0.23529411764705882,0.08628245285935066,0,0,0,1,0,1,0,0,1,0,0,0,1388,0.0,0.0
0.0,0.0,0.0,0.0,9.300714395344688,0.0,0.0,0.0,0.0,0.0,6.984519210878701,0.0,0.0,2.1972245773362196,0.6017379180209153,1.9090909090909092,0.0,0,0,0,1,1,1,0,1,0,0,0,0,1389,,
0.0,0.0,0.0,0.0,2.6770753968027794,0.0,0.0,0.0,0.0,0.0,0.0010708554296057233,0.6931471805599453,0.0,0.0,5.041849348584885e-06,0.2,0.0,0,0,0,1,1,0,0,1,0,0,0,1,1390,,
0.0,0.0,0.0,0.0,7.7062992601916,0.0,0.0,0.0,0.0,0.0,6.911728803068651,1.0986122886681098,2.0794415416798357,1.3862943611198906,1.7151201359991441,0.3333333333333333,0.0,0,0,0,1,1,1,0,0,1,0,1,0,1391,1.0,3.349285714
1.0,3.0,0.0,0.0,2.4608090978430863,7.454653809445324,0.0,0.0,0.0,0.0,6.515637659845692,0.0,0.0,0.0,0.0,0.0,0.006204397675618272,0,0,0,0,1,0,1,0,0,0,0,1,1392,1.0,1.674642857
0.0,0.0,0.0,0.0,4.968860464522826,0.0,0.0,0.0,0.0,0.0,8.777344845095609,0.0,3.6888794541139363,2.833213344056216,1.1172459458696027,0.1016949152542373,0.0,0,0,0,1,1,0,0,0,1,0,0,1,1393,,
0.0,0.0,0.0,0.0,3.6498787167642037,0.0,0.0,0.0,0.0,0.0,6.758733092589108,0.6931471805599453,3.2188758248682006,1.791759469228055,0.6469305339810033,0.0967741935483871,0.0,0,0,0,1,1,1,1,0,0,0,0,0,1394,0.0,0.0
0.0,0.0,0.0,0.0,6.832179306751063,0.0,0.0,0.0,0.0,0.0,6.270184030720674,1.9459101490553132,2.1972245773362196,0.0,1.2556389508952497,0.10526315789473684,0.0,0,0,0,1,1,0,1,0,0,1,0,0,1395,,
1.0,3.0,0.0,0.0,1.741280379601619,10.176236568334032,9.141642354943956,0.0,0.0,0.0,6.020371264458282,1.3862943611198906,0.0,1.791759469228055,0.5901465041740513,0.2222222222222222,0.0001790852442930777,0,0,0,0,0,1,0,1,0,0,0,0,1396,1.0,3.066428571
0.0,0.0,0.0,0.0,1.2873615561754763,0.0,0.0,0.0,0.0,0.0,0.014888612493750654,1.0986122886681098,0.0,1.0986122886681098,5.4218523884978315e-05,0.2,0.0,0,0,0,1,1,1,0,0,0,1,0,0,1397,0.0,0.0
0.0,3.0,0.0,0.0,0.0,0.0,0.0,0.0,0.0,0.0,0.0014275515632253602,0.0,0.0,0.0,0.0007272725091966942,1.0,0.0,0,0,0,0,1,1,1,0,0,0,1,0,1398,,
0.0,1.0,1.0,1.0,0.0,0.0,0.0,5.710810103921622,8.686592929451502,0.0,7.398574459230833,1.3862943611198906,3.332204510175204,2.1972245773362196,1.1831432576564684,0.2413793103448276,0.0,0,0,0,0,1,1,0,0,0,0,1,0,1399,1.0,27.23375
0.0,0.0,0.0,0.0,5.536529669006903,0.0,0.0,0.0,0.0,0.0,3.781116735580347,0.6931471805599453,0.0,0.6931471805599453,0.580742246059085,1.0,0.0,0,0,0,1,1,1,1,0,0,0,0,0,1400,1.0,4.657142857
1.0,0.0,0.0,0.0,6.78291984427925,7.266230850517543,0.0,0.0,0.0,0.0,7.808499792186989,0.6931471805599453,1.0986122886681098,2.6390573296152584,0.5860122299715245,0.47058823529411764,0.6164699961616719,0,0,0,1,1,1,0,1,0,1,0,0,1401,0.0,0.0
0.0,0.0,0.0,0.0,1.9889500902951385,0.0,0.0,0.0,0.0,0.0,5.190573059694043,0.6931471805599453,1.3862943611198906,0.0,0.9440196356881699,0.2,0.0,0,0,0,1,1,1,1,0,0,0,1,0,1402,0.0,0.0
1.0,8.0,0.0,0.0,8.39957676687945,10.204749464293311,0.0,0.0,0.0,0.0,6.572703532946293,0.0,0.0,1.0986122886681098,1.6112981602330965,2.5,0.16441514292461612,0,0,0,0,1,0,0,0,0,0,1,0,1403,0.0,0.0
0.0,0.0,0.0,0.0,4.901051587381586,0.0,0.0,0.0,0.0,0.0,5.298120918753432,0.0,0.0,1.0986122886681098,3.0276630438931087,1.0,0.0,0,0,0,1,1,0,0,0,1,0,0,0,1404,0.0,0.0
0.0,0.0,0.0,0.0,9.216098369843316,0.0,0.0,0.0,0.0,0.0,5.602676124597721,0.0,0.6931471805599453,1.791759469228055,1.2011785927391565,0.2857142857142857,0.0,0,0,0,1,1,1,0,0,0,0,1,0,1405,,
0.0,0.0,0.0,0.0,10.922060428219718,0.0,0.0,0.0,0.0,0.0,3.603165935723175,0.0,0.0,0.6931471805599453,1.0,1.0,0.0,0,0,0,1,1,0,0,0,0,0,0,1,1406,0.0,0.0
0.0,0.0,0.0,0.0,5.816565730588881,0.0,0.0,0.0,0.0,0.0,6.553558384569505,0.0,0.6931471805599453,1.3862943611198906,3.4385962141998885,0.4,0.0,0,0,0,1,1,1,1,0,0,0,0,0,1407,,
1.0,1.0,0.0,0.0,10.36700458642427,9.44317996438892,0.0,0.0,0.0,0.0,0.003920874316342243,0.0,0.0,0.0,1.320727272773924,2.0,2.5190262027971304,0,0,0,0,1,0,0,0,0,0,1,0,1408,1.0,1.663571429
0.0,0.0,0.0,0.0,4.151658387198076,0.0,0.0,0.0,0.0,0.0,6.001174396324987,0.0,0.0,1.0986122886681098,3.894124956975371,0.6666666666666666,0.0,0,0,0,1,0,0,0,0,0,0,1,0,1409,0.0,0.0
1.0,0.0,0.0,0.0,10.774131409895762,9.934794565572124,0.0,0.0,0.0,0.0,0.0010708554296057233,0.0,0.0,0.0,0.0,0.0,2.3148950924682854,0,0,0,1,1,0,1,0,0,1,0,0,1410,,
0.0,1.0,0.0,0.0,7.707120464400938,0.0,9.336404201249284,0.0,0.0,0.0,0.003920874316342243,0.0,0.0,0.0,0.0,0.0,0.0,0,0,0,0,1,1,1,0,0,0,0,0,1411,1.0,0.799642857
0.0,0.0,1.0,0.0,1.8337236683042561,0.0,0.0,6.287274215302008,0.0,0.0,7.526690059089762,0.0,3.1780538303479458,2.0794415416798357,1.4673742842711424,0.3142857142857143,0.0,0,0,0,1,1,1,1,0,0,0,1,0,1412,1.0,6.795535714
1.0,0.0,0.0,0.0,5.473513898026712,10.936466212744358,0.0,0.0,0.0,0.0,0.004632112184364615,0.0,2.70805020110221,0.6931471805599453,0.044934430598232475,0.13333333333333333,0.004223294334737383,0,0,0,1,1,1,1,0,0,1,0,0,1413,1.0,1.676607143
1.0,0.0,0.0,0.0,12.052786780975698,8.897021563970172,0.0,0.0,0.0,0.0,5.711660882009668,0.6931471805599453,0.0,0.6931471805599453,1.078984005369907,1.25,23.474064979290404,0,0,0,1,1,0,0,0,1,1,0,0,1414,,
1.0,1.0,0.0,0.0,8.78156675450594,9.835123035735872,6.218756624177331,0.0,0.0,0.0,6.024679970559853,0.6931471805599453,0.0,1.0986122886681098,1.366455681188119,1.0,0.3486606110335389,0,0,0,0,1,1,0,0,1,0,0,0,1415,1.0,0.498214286
0.0,0.0,1.0,0.0,6.735443174382758,0.0,0.0,0.5389965005660203,0.0,5.7129085619535624,6.487525819366006,1.9459101490553132,3.258096538021482,1.0986122886681098,1.1273370834559755,0.17142857142857143,0.0,0,0,0,1,0,1,0,1,0,0,1,0,1416,,
1.0,0.0,0.0,0.0,6.452856987512004,7.876048289515087,0.0,0.0,0.0,0.0,5.97736018939729,1.3862943611198906,0.0,1.3862943611198906,1.2982628166742127,0.42857142857142855,0.24065551762182316,0,0,0,1,1,0,0,1,0,0,1,0,1417,0.0,0.0
0.0,0.0,0.0,0.0,7.2896097903928805,0.0,0.0,0.0,0.0,0.0,7.608169207161063,1.0986122886681098,2.833213344056216,1.6094379124341003,1.9273057680297292,0.08695652173913043,0.0,0,0,0,1,1,1,0,1,0,1,0,0,1418,0.0,0.0
1.0,0.0,0.0,0.0,8.160695272664764,10.485370874446515,0.0,0.0,0.0,5.805779124656637,6.666869093163891,1.3862943611198906,0.0,1.0986122886681098,1.3069387996526707,0.6,0.09778996019848847,0,0,0,1,0,1,1,0,0,1,0,0,1419,,
0.0,0.0,0.0,0.0,5.610891508892381,0.0,0.0,0.0,0.0,0.0,6.98102731483845,0.0,0.0,1.9459101490553132,1.7328613061531692,0.2857142857142857,0.0,0,0,0,1,1,1,0,1,0,1,0,0,1420,,
0.0,0.0,0.0,0.0,8.920135739610426,0.0,0.0,0.0,0.0,6.063352390849433,6.5167487120333085,0.6931471805599453,0.0,2.3978952727983707,0.9274208894168051,0.4166666666666667,0.0,0,0,0,1,0,0,1,0,0,1,0,0,1421,,
1.0,0.0,0.0,0.0,7.86844354840915,6.781122485240261,0.0,0.0,0.0,0.0,0.9682052619348593,0.0,0.0,0.0,3.2296854525993886,1.1666666666666667,2.968551149293785,0,0,0,1,1,1,1,0,0,0,0,1,1422,,
0.0,0.0,0.0,0.0,6.09776123159799,0.0,0.0,0.0,0.0,0.0,6.431737601547611,0.6931471805599453,0.0,0.6931471805599453,1.1315526453842757,0.6666666666666666,0.0,0,0,0,1,1,1,0,0,1,1,0,0,1423,0.0,0.0
0.0,6.0,0.0,0.0,6.4063871725774835,0.0,7.53212640151368,0.0,0.0,0.0,0.010657294756673529,0.0,0.0,1.3862943611198906,1.2926020423780051e-05,0.25,0.0,0,0,0,0,1,1,1,0,0,0,1,0,1424,,
0.0,4.0,0.0,0.0,6.471897419273806,0.0,9.295531966582463,0.0,0.0,0.0,6.299770863097155,0.6931471805599453,0.0,1.791759469228055,1.0064421740157599,0.2,0.0,0,0,0,0,0,0,1,0,0,1,0,0,1425,0.0,0.0
0.0,0.0,0.0,0.0,4.132883953584804,0.0,0.0,0.0,0.0,0.0,7.3372726086578455,1.3862943611198906,1.9459101490553132,0.0,0.937102279485382,0.3333333333333333,0.0,0,0,0,1,1,0,0,0,1,0,0,0,1426,,
1.0,0.0,0.0,0.0,2.0218313451102605,9.896573706892015,0.0,0.0,0.0,0.0,0.00035707923961937285,0.0,0.0,0.0,4.759599999078465,2.0,0.00032989662543048755,0,0,0,1,1,0,0,0,0,0,0,1,1427,0.0,0.0
0.0,0.0,0.0,0.0,9.09332534040415,0.0,0.0,0.0,0.0,0.0,0.014184634710266292,0.0,0.0,0.0,0.053784095282947995,1.0,0.0,0,0,0,1,1,0,0,1,0,0,1,0,1428,0.0,0.0
0.0,0.0,1.0,1.0,0.0,0.0,0.0,7.478048351015075,7.391675241561144,0.0,7.390341248170592,0.6931471805599453,0.6931471805599453,2.3978952727983707,0.8336226134186909,0.575,0.0,0,0,0,1,0,1,1,0,0,0,1,0,1429,0.0,0.0
0.0,0.0,0.0,0.0,8.012161109628758,0.0,0.0,0.0,0.0,6.570082321744358,6.8969181979682315,0.0,2.0794415416798357,2.1972245773362196,0.7238363310813216,0.75,0.0,0,0,0,1,0,0,0,1,0,1,0,0,1430,,
0.0,0.0,0.0,0.0,6.953987071402891,0.0,0.0,0.0,0.0,0.0,6.572695544250269,0.0,0.0,0.6931471805599453,1.0685217734672214,0.4,0.0,0,0,0,1,1,0,0,0,0,0,0,1,1431,0.0,0.0
0.0,0.0,0.0,0.0,5.614323949841309,0.0,0.0,0.0,0.0,0.0,6.445442570003139,2.0794415416798357,2.4849066497880004,1.3862943611198906,1.0649045178006724,0.21739130434782608,0.0,0,0,0,1,1,1,1,0,0,0,0,1,1432,1.0,2.260357143
0.0,0.0,0.0,0.0,4.315514739179958,0.0,0.0,0.0,0.0,0.0,6.213951454278607,1.0986122886681098,2.0794415416798357,0.0,1.14237641734869,0.25,0.0,0,0,0,1,1,0,0,1,0,0,0,0,1433,,
3.0,0.0,0.0,0.0,9.533110074784151,9.277981563288277,0.0,0.0,0.0,0.0,6.062858699843372,2.0794415416798357,3.1354942159291497,1.3862943611198906,0.6800872534137203,0.10526315789473684,1.2906546351415364,0,0,0,1,1,0,0,0,1,0,0,1,1434,0.0,0.0
0.0,0.0,0.0,0.0,6.774363060329611,0.0,0.0,0.0,0.0,0.0,5.483014076680793,1.0986122886681098,3.5263605246161616,0.0,0.9081085620068515,0.08333333333333333,0.0,0,0,0,1,0,0,1,0,0,0,1,0,1435,,
1.0,6.0,0.0,0.0,7.282696130754567,7.754786419945734,8.312871394342615,0.0,0.0,0.0,2.727152302695388,0.0,0.0,0.0,7.28654545415077,3.0,0.6235358124265645,0,0,0,0,1,1,0,0,0,0,1,0,1436,0.0,0.0
0.0,0.0,0.0,0.0,5.781077454781585,0.0,0.0,0.0,0.0,0.0,6.186215972433164,0.0,1.0986122886681098,1.0986122886681098,2.3849841932451734,1.2,0.0,0,0,0,1,1,1,0,0,1,1,0,0,1437,0.0,0.0
0.0,0.0,0.0,0.0,6.626095985530442,0.0,0.0,0.0,0.0,0.0,6.510896423512036,0.0,0.0,1.9459101490553132,0.9505996865065237,0.42857142857142855,0.0,0,0,0,1,1,0,1,0,0,0,0,1,1438,0.0,0.0
0.0,0.0,0.0,0.0,9.120250208419746,0.0,0.0,0.0,0.0,0.0,6.8788769273685455,0.6931471805599453,2.0794415416798357,1.791759469228055,0.7872599617102428,0.21428571428571427,0.0,0,0,0,1,1,0,0,0,0,0,0,0,1439,0.0,0.0
0.0,0.0,0.0,0.0,7.231045606886796,0.0,0.0,0.0,0.0,5.032250004068664,6.4018591519248735,1.791759469228055,3.044522437723423,1.3862943611198906,0.8945055706844407,0.2926829268292683,0.0,0,0,0,1,0,1,1,0,0,1,0,0,1440,,
0.0,0.0,0.0,0.0,4.764628185616168,0.0,0.0,0.0,0.0,0.0,6.236518446834379,1.6094379124341003,0.0,1.0986122886681098,0.6193196304781586,0.18181818181818182,0.0,0,0,0,1,1,0,0,1,0,1,0,0,1441,,
0.0,0.0,0.0,0.0,0.00035707923961937285,0.0,0.0,0.0,0.0,0.0,6.874396437185219,1.791759469228055,2.1972245773362196,1.3862943611198906,1.4784113179223894,0.1111111111111111,0.0,0,0,0,1,0,0,1,0,0,0,0,0,1442,1.0,8.280714286
0.0,0.0,0.0,1.0,7.678166199767626,0.0,0.0,0.0,9.116924111843234,0.0,6.30100988496598,2.833213344056216,2.4849066497880004,0.6931471805599453,0.39539085493113985,0.06666666666666667,0.0,0,0,0,1,0,0,1,0,0,0,0,1,1443,,
0.0,0.0,0.0,0.0,7.880932832262799,0.0,0.0,0.0,0.0,0.0,5.803201086314948,0.6931471805599453,0.0,0.0,1.156254999957813,2.0,0.0,0,0,0,1,1,1,1,0,0,0,1,0,1444,,
1.0,0.0,0.0,0.0,8.713089514241705,8.772526477769032,0.0,0.0,0.0,0.0,0.0,0.0,0.0,0.0,0.0,0.0,0.9422859889405519,0,0,0,1,0,0,1,0,0,0,0,0,1445,,
0.0,0.0,0.0,0.0,5.782734477881685,0.0,0.0,0.0,0.0,0.0,0.0,0.0,0.0,0.0,0.0,0.0,0.0,0,1,0,1,1,0,0,1,0,0,1,0,1446,,
0.0,0.0,0.0,1.0,2.6587599119911456,0.0,0.0,0.0,8.533853913387196,0.0,5.7138483103895785,0.0,0.0,1.6094379124341003,1.1150800125026192,0.6875,0.0,0,0,0,1,0,1,0,1,0,0,0,0,1447,,
0.0,0.0,0.0,0.0,6.377068847607525,0.0,0.0,0.0,0.0,0.0,0.009950330853168083,0.0,0.0,0.0,0.011199999998208001,1.0,0.0,0,0,0,1,1,0,0,0,0,0,1,0,1448,,
1.0,0.0,0.0,0.0,7.627550823768686,8.274239894850515,0.0,0.0,0.0,0.0,7.191403780764216,2.0794415416798357,2.0794415416798357,2.1972245773362196,0.827163350242589,0.32142857142857145,0.5236556290995324,0,0,0,1,1,1,0,0,1,0,1,0,1449,,
0.0,0.0,0.0,0.0,4.439376994410482,0.0,0.0,0.0,0.0,0.0,4.836290410089929,0.6931471805599453,2.8903717578961645,0.0,0.4466146895443745,0.1111111111111111,0.0,0,0,0,1,1,1,1,0,0,1,0,0,1450,1.0,3.89875
0.0,0.0,0.0,0.0,7.537998981792262,0.0,0.0,0.0,0.0,0.0,4.683479524244488,0.6931471805599453,0.6931471805599453,0.0,0.35237352484894136,1.0,0.0,0,0,0,1,1,1,0,1,0,0,1,0,1451,0.0,0.0
0.0,0.0,0.0,0.0,8.820769000956236,0.0,0.0,0.0,0.0,0.0,6.2854692235825915,0.0,0.0,0.0,1.0113847833483094,0.6666666666666666,0.0,0,0,0,1,1,0,1,0,0,0,0,0,1452,0.0,0.0
0.0,0.0,0.0,0.0,8.217125398288797,0.0,0.0,0.0,0.0,5.830678359369297,7.0128071396109,1.0986122886681098,1.3862943611198906,2.4849066497880004,1.0106574595255804,0.5833333333333334,0.0,0,0,0,1,0,1,0,0,1,1,0,0,1453,0.0,0.0
0.0,0.0,0.0,0.0,0.0,0.0,0.0,0.0,0.0,0.0,0.03543608837175919,0.0,0.0,1.3862943611198906,0.0004895782898596301,0.25,0.0,0,0,0,1,1,0,0,1,0,1,0,0,1454,0.0,0.0
1.0,1.0,0.0,0.0,3.7809375985970304,0.0,0.0,0.0,0.0,0.0,6.832154269695279,0.6931471805599453,3.1780538303479458,1.9459101490553132,0.03286255016876941,0.125,0.0,0,0,0,0,0,1,1,0,0,0,1,0,1455,,
1.0,0.0,0.0,0.0,0.0,0.0,0.0,0.0,0.0,0.0,5.901957851489682,0.6931471805599453,3.044522437723423,1.791759469228055,0.47068587950656793,0.14285714285714285,0.0,0,0,0,1,1,0,0,1,0,0,1,0,1456,0.0,0.0
0.0,0.0,0.0,0.0,7.982694681936652,0.0,0.0,0.0,0.0,0.0,0.0,0.0,0.6931471805599453,0.0,0.0,0.0,0.0,0,0,0,1,1,1,1,0,0,0,0,0,1457,,
0.0,0.0,0.0,1.0,6.577223860682594,0.0,0.0,0.0,8.815221078784282,0.0,7.19542922640091,0.0,2.3978952727983707,2.70805020110221,1.020439851562677,0.7272727272727273,0.0,0,0,0,1,1,1,1,0,0,0,0,1,1458,,
0.0,0.0,0.0,0.0,9.123356630968312,0.0,0.0,0.0,0.0,6.556636807930337,6.480656228501489,0.6931471805599453,0.0,1.6094379124341003,1.7075604181356996,0.25,0.0,0,0,0,1,0,0,1,0,0,1,0,0,1459,0.0,0.0
0.0,0.0,0.0,1.0,7.9699381930308775,0.0,0.0,0.0,6.78256370700403,0.0,6.765575988619234,0.0,0.0,2.9444389791664403,0.9141696438853573,0.4782608695652174,0.0,0,0,0,1,1,1,0,0,1,0,0,0,1460,,
0.0,0.0,0.0,0.0,3.6713153908276595,0.0,0.0,0.0,0.0,0.0,6.62133146219458,0.0,0.0,1.791759469228055,0.8677514037608576,0.631578947368421,0.0,0,0,0,1,0,1,1,0,0,0,0,1,1461,0.0,0.0
0.0,0.0,0.0,0.0,6.796726746310656,0.0,0.0,0.0,0.0,0.0,7.494307253634526,1.0986122886681098,1.9459101490553132,2.0794415416798357,0.7777434071298375,0.16666666666666666,0.0,0,0,0,1,1,0,1,0,0,0,0,0,1462,0.0,0.0
0.0,0.0,0.0,0.0,6.949184403721536,0.0,0.0,0.0,0.0,0.0,6.591577215554112,1.791759469228055,0.0,1.791759469228055,0.7387470097975173,0.2857142857142857,0.0,0,0,0,1,1,0,1,0,0,0,1,0,1463,0.0,0.0
0.0,0.0,0.0,0.0,7.485352709495911,0.0,0.0,0.0,0.0,7.421345506108165,6.552341274439363,0.0,0.0,2.4849066497880004,1.5805774018129284,0.6666666666666666,0.0,0,0,0,1,0,0,0,1,0,0,0,0,1464,0.0,0.0
0.0,0.0,0.0,0.0,2.8935017748339042,0.0,0.0,0.0,0.0,0.0,6.285467227366852,0.0,0.0,0.0,0.9879418564581905,0.6666666666666666,0.0,0,0,0,1,1,1,1,0,0,0,0,0,1465,,
0.0,0.0,0.0,0.0,3.1191659807191887,0.0,0.0,0.0,0.0,0.0,6.6114994135860075,0.6931471805599453,0.6931471805599453,1.3862943611198906,1.1892427363390181,0.6666666666666666,0.0,0,0,0,1,0,1,0,1,0,1,0,0,1466,,
1.0,0.0,0.0,0.0,8.520144047554647,8.700267024679281,0.0,0.0,0.0,7.358754234894232,7.774903484434573,1.3862943611198906,2.995732273553991,2.302585092994046,0.625415762278514,0.21212121212121213,0.8351400426008772,0,0,0,1,0,0,1,0,0,0,1,0,1467,0.0,0.0
0.0,0.0,0.0,0.0,5.190573059694043,0.0,0.0,0.0,0.0,0.0,0.00035707923961937285,0.0,0.0,0.0,0.00010526319999556786,1.0,0.0,0,0,0,1,0,1,1,0,0,0,0,1,1468,,
1.0,4.0,0.0,0.0,3.512845233433397,9.178605203479751,0.0,0.0,0.0,0.0,6.321690273952761,0.0,0.0,0.0,0.0,0.0,0.0033596377513983675,0,0,0,0,1,0,1,0,0,0,0,0,1469,1.0,22.7425
1.0,0.0,0.0,0.0,0.0,8.086949800215589,0.0,0.0,0.0,0.0,7.167293576471388,0.0,1.791759469228055,2.5649493574615367,0.999004045732354,0.4444444444444444,0.0,0,0,0,1,0,1,1,0,0,0,0,1,1470,1.0,2.794107143
0.0,0.0,0.0,0.0,8.396092945546712,0.0,0.0,0.0,0.0,0.0,7.475474877027017,2.0794415416798357,1.6094379124341003,1.791759469228055,1.0005085131871676,0.5405405405405406,0.0,0,0,0,1,0,0,0,0,1,0,1,0,1471,0.0,0.0
0.0,0.0,0.0,0.0,2.0971411187967806,0.0,0.0,0.0,0.0,0.0,8.367767332124224,1.791759469228055,2.1972245773362196,2.302585092994046,3.8568952952931275,0.10344827586206896,0.0,0,0,0,1,1,0,0,0,1,0,1,0,1472,0.0,0.0
1.0,0.0,1.0,1.0,3.402006577841266,9.578366744079606,0.0,6.484497821614225,7.033145181812414,0.0,6.846017023943846,0.6931471805599453,3.295836866004329,2.4849066497880004,0.4611777866874479,0.2916666666666667,0.0020089067427056964,0,0,0,1,1,1,0,1,0,0,0,0,1473,1.0,4.929642857
1.0,1.0,0.0,0.0,8.445883914704469,8.709503326846756,0.0,0.0,0.0,0.0,5.575084281189526,0.0,0.0,2.0794415416798357,0.7694862691126872,0.5,0.7682276318848186,0,0,0,0,1,0,0,0,0,0,0,1,1474,,
0.0,0.0,0.0,0.0,5.965702501233881,0.0,0.0,0.0,0.0,0.0,6.6793326391430625,1.3862943611198906,0.0,1.9459101490553132,0.928529227653499,0.4,0.0,0,0,0,1,1,0,0,1,0,0,0,0,1475,,
0.0,11.0,0.0,0.0,7.038371488962739,0.0,10.104109061606831,0.0,0.0,0.0,6.148942847616415,1.0986122886681098,1.791759469228055,1.6094379124341003,0.8909773208655706,0.25,0.0,0,0,0,0,1,1,1,0,0,0,0,1,1476,0.0,0.0
3.0,0.0,0.0,0.0,7.076699362548558,5.364240531436348,0.0,0.0,0.0,4.7435833931417175,5.812652894686678,1.3862943611198906,2.1972245773362196,1.9459101490553132,0.8371879295050481,0.15789473684210525,5.5639368395895685,0,0,0,1,0,0,0,1,0,0,0,1,1477,0.0,0.0
0.0,5.0,0.0,0.0,6.242580344496412,0.0,8.235980622788553,0.0,0.0,0.0,5.702164499773823,0.6931471805599453,1.3862943611198906,0.6931471805599453,4.27853621848323,0.4,0.0,0,0,0,0,1,0,0,1,0,0,0,0,1478,,
0.0,0.0,0.0,0.0,6.1598690244649905,0.0,0.0,0.0,0.0,0.0,6.98058876625349,1.6094379124341003,1.9459101490553132,0.0,1.2490162490332852,0.16666666666666666,0.0,0,0,0,1,1,1,0,0,1,1,0,0,1479,0.0,0.0
0.0,0.0,0.0,0.0,5.46520042016315,0.0,0.0,0.0,0.0,0.0,6.669314062773649,1.9459101490553132,3.8501476017100584,2.5649493574615367,0.6160734882581842,0.13846153846153847,0.0,0,0,0,1,1,1,0,0,0,1,0,0,1480,,
0.0,0.0,0.0,0.0,8.738277366550218,0.0,0.0,0.0,0.0,0.0,4.936758064242559,1.3862943611198906,0.0,0.0,1.0209498608553462,0.8571428571428571,0.0,0,0,0,1,0,1,0,0,0,0,0,0,1481,0.0,0.0
0.0,0.0,0.0,0.0,2.739687286229937,0.0,0.0,0.0,0.0,0.0,6.6645028570190386,1.9459101490553132,3.044522437723423,1.791759469228055,0.7642381048079967,0.08333333333333333,0.0,0,0,0,1,1,1,0,0,0,1,0,0,1482,,
0.0,0.0,0.0,0.0,6.753728758096838,0.0,0.0,0.0,0.0,0.0,6.259651797537929,1.3862943611198906,1.0986122886681098,1.0986122886681098,0.9648140936099431,0.18181818181818182,0.0,0,0,0,1,1,1,0,0,1,0,0,0,1483,0.0,0.0
0.0,0.0,0.0,0.0,0.0,0.0,0.0,0.0,0.0,0.0,7.212359784213831,0.6931471805599453,2.833213344056216,1.791759469228055,1.7630035075622053,0.21739130434782608,0.0,0,0,0,1,1,1,1,0,0,0,0,0,1484,1.0,25.60910714
1.0,1.0,0.0,0.0,5.202753940629622,8.574725372751967,0.0,0.0,0.0,0.0,6.995236843166441,0.0,0.0,1.0986122886681098,1.0597912839044166,1.0,0.03413953515976394,0,0,0,0,1,0,0,1,0,0,0,0,1485,,
0.0,0.0,0.0,0.0,7.772622031298228,0.0,0.0,0.0,0.0,0.0,8.897332286378244,0.6931471805599453,0.0,3.044522437723423,0.9800356348679766,0.37037037037037035,0.0,0,0,0,1,1,0,1,0,0,1,0,0,1486,0.0,0.0
1.0,0.0,0.0,0.0,9.011182606802057,10.970080285910143,0.0,0.0,0.0,0.0,7.018292763581628,1.0986122886681098,0.0,1.9459101490553132,1.7330184699140065,0.3333333333333333,0.14099899519669948,0,0,0,1,1,1,0,1,0,1,0,0,1487,,
0.0,0.0,0.0,1.0,0.0,0.0,0.0,0.0,8.137935262606923,0.0,6.7054668471008725,1.9459101490553132,2.1972245773362196,1.6094379124341003,1.2883468472325865,0.20833333333333334,0.0,0,0,0,1,1,1,0,0,1,0,0,1,1488,0.0,0.0
0.0,0.0,0.0,0.0,8.727447576035255,0.0,0.0,0.0,0.0,0.0,3.7436128067852077,1.791759469228055,1.6094379124341003,0.0,1.0597394255619783,0.3333333333333333,0.0,0,0,0,1,1,1,0,0,1,1,0,0,1489,,
1.0,0.0,1.0,0.0,4.272590364122067,0.0,0.0,6.790618150770121,0.0,0.0,6.251636850598717,0.0,1.9459101490553132,1.6094379124341003,1.3499946763345434,0.6923076923076923,0.0,0,0,0,1,0,0,0,1,0,0,0,1,1490,0.0,0.0
0.0,0.0,0.0,0.0,9.673313834280618,0.0,0.0,0.0,0.0,0.0,7.1442084344477825,1.3862943611198906,0.0,1.3862943611198906,0.9840389920023939,0.36363636363636365,0.0,0,0,0,1,0,1,0,0,0,0,1,0,1491,,
0.0,2.0,0.0,0.0,1.9541414846118537,0.0,9.10744914633307,0.0,0.0,0.0,6.18135042816899,1.0986122886681098,0.0,1.791759469228055,0.873847397381243,0.25,0.0,0,0,0,0,1,1,0,1,0,0,0,1,1492,1.0,0.815535714
0.0,0.0,0.0,0.0,9.158457693409579,0.0,0.0,0.0,0.0,0.0,6.898210947813942,1.6094379124341003,2.4849066497880004,2.1972245773362196,0.9167640313022054,0.15384615384615385,0.0,0,0,0,1,1,1,0,0,0,0,0,1,1493,,
0.0,0.0,1.0,0.0,4.49166148451115,0.0,0.0,7.09317233726395,0.0,0.0,7.530050335358379,1.3862943611198906,2.8903717578961645,2.302585092994046,0.8761135211801048,0.18421052631578946,0.0,0,0,0,1,0,1,0,0,1,0,0,1,1494,,
1.0,0.0,0.0,0.0,5.68414447656789,5.781942091657659,0.0,0.0,0.0,0.0,6.319968899819977,1.0986122886681098,0.0,1.0986122886681098,0.9381346040942659,0.8,0.906544316426638,0,0,0,1,1,1,0,1,0,0,0,0,1495,0.0,0.0
0.0,0.0,1.0,0.0,8.181833635576107,0.0,0.0,0.0,0.0,0.0,9.69789606726666,1.3862943611198906,4.110873864173311,2.772588722239781,1.084581248801906,0.13095238095238096,0.0,0,0,0,1,1,0,1,0,0,0,1,0,1496,1.0,5.77125
0.0,0.0,0.0,0.0,1.4205232401014771,0.0,0.0,0.0,0.0,0.0,0.02364676930151856,0.0,0.6931471805599453,0.0,5.011368986207176e-05,0.2,0.0,0,0,0,1,0,0,1,0,0,0,1,0,1497,,
0.0,10.0,0.0,0.0,5.497943685611689,0.0,0.0,0.0,0.0,0.0,0.014888612493750654,0.6931471805599453,0.0,0.0,8.222396242478057e-05,0.5,0.0,0,0,0,0,1,1,1,0,0,0,1,0,1498,,
0.0,0.0,0.0,1.0,0.0,0.0,0.0,0.0,9.452443478438354,4.854816557502191,7.200462472089598,1.6094379124341003,2.3978952727983707,2.5649493574615367,0.7940675814146246,0.16129032258064516,0.0,0,0,0,1,0,0,0,0,0,0,0,1,1499,0.0,0.0
0.0,0.0,0.0,0.0,4.5158275222782445,0.0,0.0,0.0,0.0,0.0,0.00071403101916737,0.0,0.0,0.0,0.0,0.0,0.0,0,0,0,1,0,0,1,0,0,0,0,0,1500,1.0,21.025
0.0,0.0,0.0,0.0,7.148182040249783,0.0,0.0,0.0,0.0,0.0,5.404618868039794,1.0986122886681098,0.0,0.6931471805599453,0.8043299334550366,0.7777777777777778,0.0,0,0,0,1,0,1,1,0,0,0,0,0,1501,,
0.0,0.0,1.0,0.0,6.568152647804535,0.0,0.0,6.014616775378774,0.0,6.326743470049268,6.8046208551866805,1.3862943611198906,2.995732273553991,1.791759469228055,0.9546722725528278,0.2647058823529412,0.0,0,0,0,1,0,1,0,0,0,0,0,0,1502,1.0,34.01660714
0.0,0.0,1.0,0.0,4.5494762454716575,0.0,0.0,6.706079197388681,0.0,0.0,6.48744100128709,1.0986122886681098,1.6094379124341003,1.3862943611198906,0.9466533561620526,0.5238095238095238,0.0,0,0,0,1,0,1,0,1,0,0,1,0,1503,,
0.0,1.0,0.0,0.0,5.522246323750278,0.0,0.0,0.0,0.0,0.0,1.8184825393688084,0.0,0.0,0.0,0.6506399169975787,0.75,0.0,0,0,0,0,0,1,1,0,0,0,1,0,1504,,
3.0,0.0,1.0,0.0,4.30588775546999,8.098235031435943,0.0,5.9496655129399,0.0,6.197523701871144,5.615683493348445,1.3862943611198906,0.6931471805599453,1.9459101490553132,0.3911581324245895,0.4375,0.02224531484051116,0,0,0,1,0,1,0,1,0,0,0,1,1505,0.0,0.0
0.0,0.0,0.0,0.0,5.290587568486096,0.0,0.0,0.0,0.0,6.375324117964094,6.037745613742291,0.0,0.0,2.0794415416798357,1.0182418712043004,0.7619047619047619,0.0,0,0,0,1,0,1,0,1,0,0,1,0,1506,0.0,0.0
1.0,0.0,0.0,0.0,8.439222306335306,3.4135611111259987,0.0,0.0,0.0,0.0,6.098598221964461,0.0,0.0,1.791759469228055,1.8877481416185544,0.6,157.42086447700103,0,0,0,1,1,0,1,0,0,0,1,0,1507,,
1.0,1.0,0.0,0.0,7.908696722767384,7.893329240291961,7.245072566304551,0.0,0.0,0.0,0.0,0.0,0.0,0.0,0.0,0.0,1.0154919514108511,0,0,0,0,1,1,0,0,1,0,1,0,1508,,
1.0,1.0,0.0,0.0,6.9344538918664105,8.942713182583121,5.73619204099731,0.0,0.0,0.0,7.0609563246209746,1.0986122886681098,1.0986122886681098,2.3978952727983707,1.0127387086451327,0.26666666666666666,0.1341089532906457,0,0,0,0,1,0,1,0,0,0,0,0,1509,,
0.0,0.0,1.0,0.0,0.0,0.0,0.0,7.245596985308648,0.0,0.0,9.984289340035662,0.0,0.0,2.5649493574615367,1.5620062300913002,0.3888888888888889,0.0,0,0,0,1,0,1,0,0,0,0,0,0,1510,,
0.0,0.0,1.0,1.0,0.0,0.0,0.0,6.315113848753831,6.88036756468063,0.0,6.7743112295145185,1.6094379124341003,1.0986122886681098,2.302585092994046,0.7547386500066474,0.37037037037037035,0.0,0,0,0,1,0,1,0,1,0,0,1,0,1511,,
0.0,0.0,0.0,0.0,6.297334235522506,0.0,0.0,0.0,0.0,0.0,4.282605785470459,0.0,0.6931471805599453,0.0,2.439036584960141,1.0,0.0,0,0,0,1,1,0,1,0,0,1,0,0,1512,,
1.0,6.0,0.0,0.0,0.0,9.79036128690088,8.22500574686706,0.0,0.0,0.0,6.172179158665091,0.0,1.0986122886681098,0.0,18.75565934230769,2.0,0.0,0,0,0,0,1,0,0,0,1,0,1,0,1513,0.0,0.0
0.0,0.0,0.0,0.0,3.4711897534821903,0.0,0.0,0.0,0.0,0.0,6.582635360287602,0.0,3.1780538303479458,0.0,1.3928425646951665,0.08695652173913043,0.0,0,0,0,1,1,0,1,0,0,0,0,1,1514,1.0,5.40125
1.0,1.0,0.0,0.0,8.4428939702679,9.367584262889595,9.896818938171073,0.0,0.0,0.0,5.190577037490427,0.0,0.0,0.6931471805599453,5.050200000206025,5.0,0.39660268676384247,0,0,0,0,1,0,0,1,0,0,1,0,1515,0.0,0.0
0.0,0.0,1.0,0.0,7.294743594966107,0.0,0.0,0.0,0.0,0.0,6.857241380050183,1.0986122886681098,3.1780538303479458,2.3978952727983707,0.709772372268328,0.2682926829268293,0.0,0,0,0,1,1,0,1,0,0,0,0,1,1516,,
0.0,0.0,0.0,0.0,3.989883113208635,0.0,0.0,0.0,0.0,0.0,5.927980707731354,0.6931471805599453,0.6931471805599453,2.0794415416798357,1.110495762895402,0.18181818181818182,0.0,0,0,0,1,1,1,0,1,0,1,0,0,1517,0.0,0.0
0.0,0.0,0.0,0.0,3.2736210115942677,0.0,0.0,0.0,0.0,0.0,0.014536685550097149,0.0,0.0,0.0,0.00745454538290248,1.0,0.0,0,0,0,1,1,1,0,0,1,0,0,1,1518,,
0.0,0.0,0.0,0.0,5.113267090182824,0.0,0.0,0.0,0.0,6.9823341860143335,6.083573178785628,0.6931471805599453,0.0,1.0986122886681098,0.8355318035523108,0.8,0.0,0,0,0,1,0,1,1,0,0,0,0,0,1519,0.0,0.0
0.0,0.0,0.0,0.0,2.9484721879920364,0.0,0.0,0.0,0.0,0.0,6.2166339022952135,0.0,0.0,0.0,1.3879361962818697,0.6666666666666666,0.0,0,0,0,1,1,1,0,1,0,0,1,0,1520,,
0.0,0.0,0.0,0.0,6.312259043043178,0.0,0.0,0.0,0.0,0.0,6.839670668401344,1.0986122886681098,0.0,0.0,0.89889500496751,0.6666666666666666,0.0,0,0,0,1,1,1,1,0,0,1,0,0,1521,,
1.0,2.0,1.0,0.0,4.24791344012115,10.816558936466214,0.0,5.36183360173559,0.0,0.0,7.952201353535897,0.0,1.0986122886681098,2.302585092994046,1.1900559160066566,0.8125,0.001383660710095896,0,0,0,0,1,1,0,0,1,0,1,0,1522,0.0,0.0
0.0,0.0,0.0,0.0,8.08631235853009,0.0,0.0,0.0,0.0,0.0,7.349921904090868,0.0,0.0,2.1972245773362196,1.0004365495103695,0.5454545454545454,0.0,0,0,0,1,1,1,1,0,0,0,1,0,1523,0.0,0.0
0.0,0.0,0.0,0.0,4.52649023982481,0.0,0.0,0.0,0.0,0.0,7.8351302107161755,1.6094379124341003,1.0986122886681098,1.3862943611198906,1.7290373906341263,0.2857142857142857,0.0,0,0,0,1,1,0,0,0,0,0,1,0,1524,0.0,0.0
1.0,0.0,0.0,0.0,7.933614190387692,7.595527324854012,0.0,0.0,0.0,0.0,7.464953657622505,0.0,0.0,2.1972245773362196,1.7617946292559186,0.4444444444444444,1.4024646232532374,0,0,0,1,1,1,1,0,0,0,0,0,1525,,
0.0,0.0,0.0,0.0,9.2609990275231,0.0,0.0,0.0,0.0,0.0,0.007117467627020008,0.0,1.0986122886681098,0.0,0.00022222221779753088,0.5,0.0,0,0,0,1,1,0,1,0,0,0,1,0,1526,,
0.0,0.0,1.0,0.0,3.249709819143565,0.0,0.0,2.9002435064539043,0.0,0.0,5.782961072786907,2.0794415416798357,0.0,1.9459101490553132,0.37209629595178834,0.3181818181818182,0.0,0,0,0,1,0,1,1,0,0,0,0,0,1527,0.0,0.0
0.0,0.0,0.0,0.0,6.941185219466741,0.0,0.0,0.0,0.0,0.0,0.0,0.0,0.0,0.0,0.0,0.0,0.0,0,1,0,1,1,0,0,0,0,0,1,0,1528,0.0,0.0
1.0,0.0,0.0,0.0,6.611050721247326,11.355944124216501,0.0,0.0,0.0,0.0,7.4886418036885205,1.0986122886681098,0.6931471805599453,1.791759469228055,0.4888023652614728,0.5,0.008684390790257311,0,0,0,1,1,0,0,0,0,0,0,0,1529,0.0,0.0
0.0,0.0,0.0,0.0,9.575383951200358,0.0,0.0,0.0,0.0,0.0,6.934556120378547,1.6094379124341003,0.0,0.6931471805599453,0.6137457784871757,0.3,0.0,0,0,0,1,1,0,0,0,0,0,0,1,1530,,
0.0,2.0,0.0,0.0,0.0,0.0,7.7546259564254125,0.0,0.0,0.0,6.702496813857699,0.6931471805599453,1.0986122886681098,2.3978952727983707,1.2968524201927232,0.14285714285714285,0.0,0,0,0,0,0,0,1,0,0,0,1,0,1531,0.0,0.0
0.0,2.0,0.0,0.0,6.785401994216565,0.0,0.0,0.0,0.0,0.0,7.734876098048977,0.0,1.791759469228055,2.1972245773362196,1.5235753092984372,0.2857142857142857,0.0,0,0,0,0,1,1,1,0,0,0,1,0,1532,0.0,0.0
0.0,0.0,0.0,0.0,3.66548287630754,0.0,0.0,0.0,0.0,0.0,5.371967708362109,0.0,0.6931471805599453,0.6931471805599453,0.8947706703799003,0.5,0.0,0,0,0,1,1,1,1,0,0,0,0,1,1533,0.0,0.0
2.0,0.0,0.0,0.0,8.74860911785048,10.19276832862996,0.0,0.0,0.0,0.0,5.1091308714941,0.0,0.0,1.791759469228055,1.0998101265822786,0.8333333333333334,0.235915765279256,0,0,0,1,1,1,1,0,0,0,1,0,1534,0.0,0.0
1.0,0.0,1.0,0.0,4.968820743961164,0.0,0.0,1.2110902720522467,0.0,0.0,6.861574457500117,1.0986122886681098,2.1972245773362196,1.6094379124341003,1.1247829394405369,0.3333333333333333,0.0,0,0,0,1,1,1,1,0,0,0,0,0,1535,0.0,0.0
0.0,0.0,1.0,0.0,6.917775974686373,0.0,0.0,1.2110902720522467,0.0,0.0,7.310029587900611,2.0794415416798357,0.6931471805599453,2.4849066497880004,0.7120955525442941,0.28,0.0,0,0,0,1,1,0,0,0,1,1,0,0,1536,1.0,1.375714286
0.0,0.0,0.0,0.0,5.417402728475972,0.0,0.0,0.0,0.0,0.0,5.01660789853217,1.3862943611198906,2.6390573296152584,0.6931471805599453,0.3215820282154882,0.15789473684210525,0.0,0,0,0,1,1,1,1,0,0,1,0,0,1537,1.0,38.43142857
1.0,0.0,0.0,0.0,7.713903284858873,0.010303875279664611,0.0,0.0,0.0,0.0,4.711086261194129,0.0,0.0,0.6931471805599453,1.0032454002003897,4.0,216108.4107847116,0,0,0,1,1,0,1,0,0,0,1,0,1538,0.0,0.0
3.0,0.0,1.0,0.0,3.855452653939752,2.2492596600529886,0.0,0.8873031951773733,0.0,0.0,6.1997170610125005,0.6931471805599453,2.0794415416798357,0.6931471805599453,0.8537967656677294,0.5625,5.4535500714072755,0,0,0,1,0,0,0,0,1,0,0,0,1539,0.0,0.0
0.0,0.0,0.0,0.0,6.640369642732519,0.0,0.0,0.0,0.0,0.0,5.880933943436851,0.0,0.6931471805599453,0.6931471805599453,0.9987206414169596,0.5,0.0,0,0,0,1,0,1,0,1,0,1,0,0,1540,,
0.0,0.0,0.0,0.0,6.3087988207768655,0.0,0.0,0.0,0.0,0.0,0.00035707923961937285,0.6931471805599453,0.6931471805599453,0.0,5.4404025897489885e-06,0.3333333333333333,0.0,0,0,0,1,1,1,0,0,1,0,0,1,1541,,
1.0,0.0,1.0,0.0,4.008014771081872,8.930002833748134,0.0,0.5389965005660203,0.0,0.0,6.11667390744983,0.0,0.0,0.6931471805599453,217.02233329886516,2.0,0.0071532232665756255,0,0,0,1,1,0,0,1,0,1,0,0,1542,0.0,0.0
1.0,4.0,0.0,0.0,0.32801823489474213,8.4511579317375,0.0,0.0,0.0,0.0,7.83870461818167,0.0,1.9459101490553132,0.6931471805599453,1.920728373440096,0.85,8.29608237722547e-05,0,0,0,0,1,1,1,0,0,0,0,1,1543,,
0.0,0.0,0.0,0.0,6.052770449505973,0.0,0.0,0.0,0.0,0.0,0.0,0.0,0.0,0.0,0.0,0.0,0.0,0,1,0,1,1,0,1,0,0,0,0,0,1544,,
1.0,0.0,0.0,0.0,9.045358453810497,5.645338360657906,0.0,0.0,0.0,0.0,0.007472014838700995,0.0,0.0,0.0,0.0036218308768961663,1.3333333333333333,30.06742502451216,0,0,0,1,1,1,0,1,0,0,0,1,1545,0.0,0.0
0.0,0.0,0.0,0.0,9.516011427329676,0.0,0.0,0.0,0.0,0.0,0.00035707923961937285,0.0,2.1972245773362196,1.0986122886681098,4.096683326438399e-06,0.09090909090909091,0.0,0,0,0,1,1,0,1,0,0,1,0,0,1546,,
0.0,0.0,0.0,0.0,5.0257654911991985,0.0,0.0,0.0,0.0,0.0,0.00071403101916737,0.0,0.0,0.0,0.0,0.0,0.0,0,0,0,1,1,1,0,1,0,0,0,0,1547,0.0,0.0
0.0,0.0,1.0,0.0,6.518806416576016,0.0,0.0,0.0,0.0,0.5274720147964337,7.615031987452291,0.6931471805599453,3.332204510175204,2.1972245773362196,0.8822149276173878,0.41935483870967744,0.0,0,0,0,1,0,1,1,0,0,0,0,0,1548,0.0,0.0
1.0,0.0,0.0,0.0,7.058333052718249,10.966601214365436,0.0,0.0,0.0,0.0,5.658795070670266,0.0,0.6931471805599453,1.9459101490553132,0.8691598111886032,0.7142857142857143,0.020058315489465656,0,0,0,1,1,1,1,0,0,0,0,1,1549,1.0,0.368214286
0.0,0.0,0.0,0.0,8.737890095007389,0.0,0.0,0.0,0.0,0.0,6.51330482191959,0.6931471805599453,0.0,2.302585092994046,1.2104642830584693,0.6,0.0,0,0,0,1,0,1,0,1,0,0,0,0,1550,,
0.0,0.0,0.0,0.0,0.0,0.0,0.0,0.0,0.0,3.8204088440051605,4.2261818122220625,0.6931471805599453,1.791759469228055,1.0986122886681098,0.1430421392840299,0.38461538461538464,0.0,0,0,0,1,0,0,0,0,0,0,0,0,1551,,
0.0,0.0,0.0,0.0,7.480127519725778,0.0,0.0,0.0,0.0,0.0,6.21660966534997,0.0,1.6094379124341003,1.6094379124341003,1.0139519287111474,0.2222222222222222,0.0,0,0,0,1,1,1,0,1,0,1,0,0,1552,1.0,6.901071429
0.0,0.0,0.0,0.0,4.6983352093158794,0.0,0.0,0.0,0.0,0.0,7.359063582734209,2.1972245773362196,3.332204510175204,2.833213344056216,0.6318700881723551,0.10344827586206896,0.0,0,0,0,1,1,0,1,0,0,1,0,0,1553,,
0.0,0.0,0.0,0.0,9.173896761971829,0.0,0.0,0.0,0.0,0.0,5.166423408024856,1.3862943611198906,1.6094379124341003,1.0986122886681098,0.49680034042804383,0.3,0.0,0,0,0,1,1,0,0,1,0,0,1,0,1554,0.0,0.0
0.0,0.0,0.0,0.0,5.977336645128107,0.0,0.0,0.0,0.0,0.0,5.824665462270506,1.0986122886681098,1.0986122886681098,0.6931471805599453,1.2425020048498037,0.15384615384615385,0.0,0,0,0,1,0,0,0,0,0,1,0,0,1555,0.0,0.0
0.0,0.0,1.0,0.0,2.98110800126429,0.0,0.0,0.0,0.0,0.0,6.285470554452976,0.0,0.0,1.6094379124341003,1.1248646418897637,0.75,0.0,0,0,0,1,1,1,0,1,0,0,0,1,1556,0.0,0.0
0.0,2.0,0.0,0.0,4.035207301048721,0.0,0.0,0.0,0.0,0.0,7.516722395509543,0.0,0.0,0.0,1.0258375039776693,5.0,0.0,0,0,0,0,1,0,0,0,1,0,1,0,1557,0.0,0.0
0.0,0.0,0.0,0.0,5.852418999723143,0.0,0.0,0.0,0.0,0.0,5.965467020988164,2.0794415416798357,1.791759469228055,0.6931471805599453,0.7129239064740271,0.21428571428571427,0.0,0,0,0,1,1,0,1,0,0,1,0,0,1558,0.0,0.0
0.0,0.0,0.0,0.0,2.81654152486167,0.0,0.0,0.0,0.0,0.0,6.7013476827731004,0.0,0.0,1.0986122886681098,0.9025429847912445,0.4,0.0,0,0,0,1,1,0,1,0,0,0,0,0,1559,,
0.0,5.0,0.0,0.0,8.167279015324459,0.0,0.0,0.0,0.0,0.0,6.777906485031265,0.0,0.0,0.0,213.29029176056648,1.2,0.0,0,0,0,0,1,1,0,1,0,0,0,1,1560,0.0,0.0
1.0,0.0,0.0,0.0,5.892942697433852,7.564514259752535,0.0,0.0,0.0,0.0,7.042163474727434,1.0986122886681098,2.5649493574615367,0.6931471805599453,0.6363623304413377,0.2857142857142857,0.1875301666750309,0,0,0,1,1,1,0,0,0,0,0,1,1561,0.0,0.0
0.0,0.0,0.0,0.0,5.6048667551317894,0.0,0.0,0.0,0.0,0.0,6.1374963888241405,1.3862943611198906,0.0,1.0986122886681098,0.8236012226798141,0.5,0.0,0,0,0,1,1,1,0,1,0,0,1,0,1562,,
0.0,0.0,0.0,0.0,4.8573398042675455,0.0,0.0,0.0,0.0,0.0,7.342860554306416,0.6931471805599453,1.9459101490553132,2.5649493574615367,0.2182926373230228,0.34782608695652173,0.0,0,0,0,1,0,1,0,0,0,0,0,0,1563,0.0,0.0
0.0,0.0,0.0,0.0,3.8307664660589005,0.0,0.0,0.0,0.0,6.277826328796868,6.254047194266699,1.9459101490553132,2.70805020110221,0.6931471805599453,0.968569417205112,0.5609756097560976,0.0,0,0,0,1,0,0,1,0,0,0,0,1,1564,1.0,9.290178571
0.0,0.0,0.0,0.0,6.713249075646491,0.0,0.0,0.0,0.0,0.0,6.9319547387731415,1.791759469228055,1.9459101490553132,1.6094379124341003,0.8659158567796308,0.46153846153846156,0.0,0,0,0,1,0,0,1,0,0,0,0,0,1565,0.0,0.0
0.0,0.0,0.0,0.0,8.30035205956811,0.0,0.0,0.0,0.0,0.0,6.444589929554376,0.0,2.0794415416798357,1.6094379124341003,1.5173303662380004,0.25,0.0,0,0,0,1,0,1,0,0,0,0,0,0,1566,,
0.0,0.0,0.0,0.0,1.8747648168697013,0.0,0.0,0.0,0.0,0.0,0.00035707923961937285,0.0,0.0,0.0,0.0,0.0,0.0,0,0,0,1,1,0,1,0,0,0,0,1,1567,0.0,0.0
0.0,0.0,0.0,0.0,3.2274107271480665,0.0,0.0,0.0,0.0,0.0,5.451652918391585,1.0986122886681098,1.6094379124341003,1.0986122886681098,1.3232111232883343,0.4444444444444444,0.0,0,0,0,1,1,0,1,0,0,0,0,0,1568,0.0,0.0
3.0,32.0,0.0,0.0,9.571017148092501,3.969489705076475,10.684350065376027,0.0,0.0,0.0,6.0592742189902715,0.0,2.6390573296152584,1.9459101490553132,0.7157210572667615,0.15,276.03325525670016,0,0,0,0,1,0,0,0,0,0,0,1,1569,,
0.0,0.0,0.0,0.0,0.0,0.0,0.0,0.0,0.0,0.0,5.6823873658942325,0.6931471805599453,0.0,0.0,0.823123053829307,1.5,0.0,0,0,0,1,1,1,0,0,1,0,0,0,1570,0.0,0.0
0.0,0.0,0.0,0.0,10.070560098567343,0.0,0.0,0.0,0.0,0.0,0.00035707923961937285,0.0,0.0,0.0,0.00013333338664533334,0.5,0.0,0,0,0,1,1,1,1,0,0,0,0,1,1571,1.0,3.45375
1.0,1.0,1.0,0.0,5.850006926770707,0.18321401593379857,8.889166269914146,1.0245043166169518,0.0,0.0,7.984395560329893,1.3862943611198906,3.258096538021482,1.0986122886681098,1.8723750560029062,0.0967741935483871,1721.9591436832131,0,0,0,0,1,0,0,1,0,0,1,0,1572,0.0,0.0
1.0,0.0,1.0,0.0,0.5545006875148061,7.645368492402399,0.0,5.619468754262298,0.0,0.0,7.508660282650126,1.9459101490553132,2.9444389791664403,2.1972245773362196,1.72240768411616,0.4782608695652174,0.00035458999242364943,0,0,0,1,0,0,0,0,1,0,0,1,1573,0.0,0.0
0.0,0.0,0.0,0.0,6.172834758599798,0.0,0.0,0.0,0.0,0.0,0.007117467627020008,0.0,0.0,0.0,0.00799041135021514,1.0,0.0,0,0,0,1,1,0,1,0,0,0,1,0,1574,0.0,0.0
0.0,0.0,0.0,0.0,8.557430626570953,0.0,0.0,0.0,0.0,0.0,7.162926980410635,1.3862943611198906,2.772588722239781,1.9459101490553132,1.2786693051545308,0.11538461538461539,0.0,0,0,0,1,1,0,0,0,0,1,0,0,1575,0.0,0.0
0.0,0.0,0.0,0.0,7.676316007631951,0.0,0.0,0.0,0.0,6.939328694216786,7.1369317388526525,0.6931471805599453,0.0,2.4849066497880004,0.9967416340925511,0.5357142857142857,0.0,0,0,0,1,0,1,0,0,1,0,0,1,1576,0.0,0.0
0.0,0.0,0.0,0.0,8.745385575895453,0.0,0.0,0.0,0.0,0.0,5.598821349971922,0.0,0.0,0.0,0.9871894977989727,1.0,0.0,0,0,0,1,1,1,0,0,1,1,0,0,1577,0.0,0.0
0.0,0.0,0.0,0.0,4.836661653092753,0.0,0.0,0.0,0.0,0.0,6.155928191533794,1.0986122886681098,2.5649493574615367,2.0794415416798357,0.8016692873082153,0.09090909090909091,0.0,0,0,0,1,1,1,1,0,0,0,1,0,1578,,
1.0,3.0,0.0,0.0,6.059547838352217,9.058906124353932,0.0,0.0,0.0,0.0,8.448129398985884,1.791759469228055,2.3978952727983707,2.1972245773362196,1.4388007450022453,0.16,0.049708461088589645,0,0,0,0,1,1,0,1,0,0,0,0,1579,0.0,0.0
1.0,0.0,1.0,1.0,7.48104752435847,8.320283746906304,0.0,6.565279557393754,7.946796245086008,0.0,6.827863690872797,1.9459101490553132,0.0,2.1972245773362196,0.9822161933124519,0.38461538461538464,0.4319020330911682,0,0,0,1,1,0,1,0,0,0,1,0,1580,0.0,0.0
0.0,1.0,0.0,0.0,4.322366670136902,0.0,8.68416316821936,0.0,0.0,0.0,0.00035707923961937285,0.0,0.0,0.0,0.00010526319999556786,1.0,0.0,0,0,0,0,1,1,1,0,0,0,0,0,1581,0.0,0.0
0.0,0.0,1.0,0.0,1.2396156960486204,0.0,0.0,1.2110902720522467,0.0,6.5500216115076615,5.440147045334228,0.0,0.0,1.0986122886681098,1.1272349959213115,0.8125,0.0,0,0,0,1,0,0,0,1,0,0,0,1,1582,0.0,0.0
0.0,0.0,0.0,0.0,8.303992810285994,0.0,0.0,0.0,0.0,0.0,6.5876213424462104,1.3862943611198906,0.6931471805599453,1.6094379124341003,0.6618886935166493,0.2,0.0,0,0,0,1,1,1,0,0,0,0,1,0,1583,0.0,0.0
0.0,0.0,0.0,0.0,0.0,0.0,0.0,0.0,0.0,0.0,10.047273035691008,1.3862943611198906,0.0,2.8903717578961645,0.8544252700537854,0.2916666666666667,0.0,0,0,0,1,1,1,1,0,0,0,0,1,1584,0.0,0.0
0.0,0.0,0.0,0.0,6.70570816052877,0.0,0.0,0.0,0.0,0.0,5.190616813470318,0.0,0.0,0.0,0.0,0.0,0.0,0,0,0,1,1,0,1,0,0,0,0,1,1585,1.0,3.410892857
0.0,0.0,0.0,0.0,0.0,0.0,0.0,0.0,0.0,0.0,5.35287488134164,1.0986122886681098,0.6931471805599453,0.0,0.9991020660973438,0.6,0.0,0,0,0,1,1,0,0,0,0,0,0,0,1586,,
0.0,0.0,0.0,0.0,8.88913377042195,0.0,0.0,0.0,0.0,0.0,5.017632187314977,0.6931471805599453,1.0986122886681098,1.791759469228055,0.04759573291283236,0.3333333333333333,0.0,0,0,0,1,1,0,1,0,0,0,0,0,1587,,
0.0,0.0,0.0,0.0,10.234842047615288,0.0,0.0,0.0,0.0,4.603944435062273,6.2791263068534615,0.6931471805599453,0.6931471805599453,1.3862943611198906,1.088991743926997,0.2857142857142857,0.0,0,0,0,1,0,1,0,1,0,0,0,0,1588,,
0.0,1.0,0.0,0.0,1.8374268487675343,0.0,8.82828273047535,0.0,0.0,0.0,0.0295588022415444,0.0,0.0,0.0,0.0,0.0,0.0,0,0,0,0,1,0,0,0,0,0,0,0,1589,,
0.0,0.0,0.0,0.0,7.872450386333121,0.0,0.0,0.0,0.0,0.0,9.79652597419453,1.9459101490553132,4.0943445622221,2.70805020110221,0.7370032080881123,0.3373493975903614,0.0,0,0,0,1,1,1,0,1,0,1,0,0,1590,0.0,0.0
0.0,0.0,0.0,0.0,5.04701314257221,0.0,0.0,0.0,0.0,0.0,7.329859519075547,0.0,0.0,1.791759469228055,0.8203282871433294,0.6666666666666666,0.0,0,0,0,1,0,0,0,0,0,0,0,1,1591,0.0,0.0
0.0,0.0,0.0,0.0,4.285215775901427,0.0,0.0,0.0,0.0,0.0,0.0,0.0,0.0,0.0,0.0,0.0,0.0,0,0,0,1,1,0,0,0,1,1,0,0,1592,0.0,0.0
1.0,0.0,0.0,0.0,7.930628779258819,7.883020465118384,0.0,0.0,0.0,0.0,6.094957069151593,0.0,1.9459101490553132,1.6094379124341003,1.3072412355094747,0.2727272727272727,1.0487781843644497,0,0,0,1,1,0,1,0,0,0,1,0,1593,0.0,0.0
0.0,0.0,0.0,0.0,9.129108198193233,0.0,0.0,0.0,0.0,5.519397361794196,6.783410134709301,1.0986122886681098,0.0,1.791759469228055,1.0713621096810908,0.25,0.0,0,0,0,1,0,1,0,0,0,0,1,0,1594,,
0.0,0.0,1.0,0.0,5.879609775176802,0.0,0.0,0.8873031951773733,0.0,0.0,7.612054861182937,0.0,0.0,1.0986122886681098,0.6791514262252901,0.5833333333333334,0.0,0,0,0,1,1,1,0,0,0,1,0,0,1595,0.0,0.0
1.0,0.0,0.0,0.0,4.250910689790982,8.877655454359687,0.0,0.0,0.0,0.0,6.285541086744767,0.0,0.0,0.0,274.89381822180275,3.0,0.009648439776622272,0,0,0,1,1,1,0,1,0,1,0,0,1596,0.0,0.0
0.0,0.0,0.0,0.0,8.673505431274158,0.0,0.0,0.0,0.0,0.0,7.125733225905054,1.3862943611198906,1.9459101490553132,1.6094379124341003,1.4526449412946083,0.5217391304347826,0.0,0,0,0,1,0,1,0,0,0,0,0,1,1597,,
1.0,0.0,0.0,0.0,7.488215767873056,9.929026897279337,0.0,0.0,0.0,0.0,2.2209876058019953,0.0,0.0,0.6931471805599453,1.601301369923359,5.0,0.08704568473331185,0,0,0,1,1,1,0,0,0,1,0,0,1598,,
0.0,0.0,0.0,0.0,8.898697665342459,0.0,0.0,0.0,0.0,0.0,3.8208471246996782,1.0986122886681098,0.0,0.0,0.6578947367722991,1.0,0.0,0,0,0,1,1,1,0,0,0,0,0,1,1599,,
1.0,0.0,0.0,0.0,5.49975124462133,8.89306273466312,0.0,0.0,0.0,0.0,7.393611165872368,1.0986122886681098,1.0986122886681098,0.6931471805599453,0.9925914937348468,1.1428571428571428,0.033464493149148955,0,0,0,1,0,0,1,0,0,0,0,1,1600,0.0,0.0
1.0,6.0,0.0,0.0,0.54543406847391,9.44610316467877,10.70495877631502,0.0,0.0,0.0,7.61206333758527,0.0,2.0794415416798357,1.6094379124341003,1.9725776865204554,0.5,5.730542284799656e-05,0,0,0,0,1,1,0,0,0,0,1,0,1601,0.0,0.0
0.0,0.0,0.0,0.0,8.385140867629922,0.0,0.0,0.0,0.0,0.0,0.00071403101916737,0.0,0.0,0.0,0.0,0.0,0.0,0,0,0,1,1,1,1,0,0,0,0,0,1602,0.0,0.0
0.0,0.0,0.0,0.0,4.01506297347683,0.0,0.0,0.0,0.0,0.0,5.975990982349259,2.0794415416798357,3.091042453358316,0.0,1.087927010097368,0.14285714285714285,0.0,0,0,0,1,1,1,0,1,0,0,1,0,1603,,
0.0,0.0,1.0,0.0,2.596639675057573,0.0,0.0,5.0145798846261,0.0,0.0,7.70444376774502,0.6931471805599453,3.4657359027997265,1.0986122886681098,0.9366395759522285,0.2826086956521739,0.0,0,0,0,1,1,0,0,1,0,0,0,0,1604,,
0.0,0.0,0.0,0.0,4.383810756431733,0.0,0.0,0.0,0.0,0.0,6.49262450132993,2.0794415416798357,2.0794415416798357,1.3862943611198906,0.9687106082579714,0.2222222222222222,0.0,0,0,0,1,1,1,0,1,0,0,0,0,1605,0.0,0.0
0.0,0.0,0.0,1.0,7.769622257902816,0.0,0.0,0.0,5.60284470385736,0.0,7.190627588546823,0.0,2.0794415416798357,1.791759469228055,2.343482387044336,0.3157894736842105,0.0,0,0,0,1,1,1,0,1,0,1,0,0,1606,,
0.0,0.0,0.0,1.0,10.038384153526986,0.0,0.0,0.0,6.614468481762907,0.0,0.0,0.0,0.0,0.0,0.0,0.0,0.0,0,0,0,1,1,1,1,0,0,0,0,0,1607,0.0,0.0
0.0,0.0,1.0,1.0,6.31926665350333,0.0,0.0,1.0245043166169518,8.223973337451149,0.0,6.764176848738212,1.0986122886681098,2.3978952727983707,1.6094379124341003,1.0871963255802395,0.41379310344827586,0.0,0,0,0,1,1,0,0,1,0,0,1,0,1608,0.0,0.0
0.0,0.0,0.0,0.0,5.336923193101139,0.0,0.0,0.0,0.0,0.0,4.330733340286331,0.0,0.0,1.0986122886681098,0.8070714834618435,0.5,0.0,0,0,0,1,1,1,1,0,0,0,1,0,1609,,
0.0,0.0,0.0,0.0,5.28596279059748,0.0,0.0,0.0,0.0,6.13356614166554,9.144179125438297,1.3862943611198906,1.0986122886681098,2.0794415416798357,3.399947021484552,0.35,0.0,0,0,0,1,0,0,0,1,0,1,0,0,1610,,
0.0,0.0,0.0,0.0,0.0,0.0,0.0,0.0,0.0,0.0,6.93820550029647,0.6931471805599453,1.3862943611198906,1.9459101490553132,0.9323181769688387,0.2727272727272727,0.0,0,0,0,1,0,0,1,0,0,0,0,1,1611,,
0.0,0.0,0.0,1.0,5.145126642565695,0.0,0.0,0.0,8.740496729931813,0.0,6.813747536368145,1.0986122886681098,0.0,1.0986122886681098,1.3719148124882214,0.6666666666666666,0.0,0,0,0,1,0,1,0,1,0,0,1,0,1612,0.0,0.0
0.0,0.0,0.0,0.0,6.517683933688848,0.0,0.0,0.0,0.0,0.0,7.223560050156728,1.0986122886681098,2.5649493574615367,2.1972245773362196,1.0676605299990864,0.16,0.0,0,0,0,1,1,1,0,1,0,1,0,0,1613,1.0,2.088571429
0.0,0.0,0.0,0.0,0.010303875279664611,0.0,0.0,0.0,0.0,0.0,6.383872156924036,0.6931471805599453,2.1972245773362196,1.3862943611198906,1.1198856441079403,0.2,0.0,0,0,0,1,1,1,0,1,0,1,0,0,1614,,
1.0,0.0,0.0,0.0,4.786982684900733,5.752722287627693,0.0,0.0,0.0,0.0,7.312108578593559,0.6931471805599453,0.6931471805599453,2.6390573296152584,0.7975419628340268,0.3125,0.37872953564131917,0,0,0,1,0,1,0,0,0,0,0,1,1615,0.0,0.0
